1.05 0 0.0
1.05 200 0.0
1.05 400 0.0
1.05 600 0.0
1.05 800 0.0
1.05 1000 0.0
1.05 1200 0.0
1.05 1400 0.0
1.05 1600 0.0
1.05 1800 0.0
1.05 2000 0.0
1.05 2200 0.0
1.05 2400 0.0
1.05 2600 0.0
1.05 2800 0.0
1.05 3000 0.0
1.05 3200 0.0
1.05 3400 0.0
1.05 3600 0.0
1.05 3800 0.0
1.05 4000 0.0
1.05 4200 0.0
1.05 4400 0.0
1.05 4600 0.0
1.05 4800 0.0
1.05 0 0.05
1.05 200 0.05
1.05 400 0.05
1.05 600 0.05
1.05 800 0.05
1.05 1000 0.05
1.05 1200 0.05
1.05 1400 0.05
1.05 1600 0.05
1.05 1800 0.05
1.05 2000 0.05
1.05 2200 0.05
1.05 2400 0.05
1.05 2600 0.05
1.05 2800 0.05
1.05 3000 0.05
1.05 3200 0.05
1.05 3400 0.05
1.05 3600 0.05
1.05 3800 0.05
1.05 4000 0.05
1.05 4200 0.05
1.05 4400 0.05
1.05 4600 0.05
1.05 4800 0.05
1.05 0 0.1
1.05 200 0.1
1.05 400 0.1
1.05 600 0.1
1.05 800 0.1
1.05 1000 0.1
1.05 1200 0.1
1.05 1400 0.1
1.05 1600 0.1
1.05 1800 0.1
1.05 2000 0.1
1.05 2200 0.1
1.05 2400 0.1
1.05 2600 0.1
1.05 2800 0.1
1.05 3000 0.1
1.05 3200 0.1
1.05 3400 0.1
1.05 3600 0.1
1.05 3800 0.1
1.05 4000 0.1
1.05 4200 0.1
1.05 4400 0.1
1.05 4600 0.1
1.05 4800 0.1
1.05 0 0.2
1.05 200 0.2
1.05 400 0.2
1.05 600 0.2
1.05 800 0.2
1.05 1000 0.2
1.05 1200 0.2
1.05 1400 0.2
1.05 1600 0.2
1.05 1800 0.2
1.05 2000 0.2
1.05 2200 0.2
1.05 2400 0.2
1.05 2600 0.2
1.05 2800 0.2
1.05 3000 0.2
1.05 3200 0.2
1.05 3400 0.2
1.05 3600 0.2
1.05 3800 0.2
1.05 4000 0.2
1.05 4200 0.2
1.05 4400 0.2
1.05 4600 0.2
1.05 4800 0.2
1.05 0 0.4
1.05 200 0.4
1.05 400 0.4
1.05 600 0.4
1.05 800 0.4
1.05 1000 0.4
1.05 1200 0.4
1.05 1400 0.4
1.05 1600 0.4
1.05 1800 0.4
1.05 2000 0.4
1.05 2200 0.4
1.05 2400 0.4
1.05 2600 0.4
1.05 2800 0.4
1.05 3000 0.4
1.05 3200 0.4
1.05 3400 0.4
1.05 3600 0.4
1.05 3800 0.4
1.05 4000 0.4
1.05 4200 0.4
1.05 4400 0.4
1.05 4600 0.4
1.05 4800 0.4
1.05 0 0.8
1.05 200 0.8
1.05 400 0.8
1.05 600 0.8
1.05 800 0.8
1.05 1000 0.8
1.05 1200 0.8
1.05 1400 0.8
1.05 1600 0.8
1.05 1800 0.8
1.05 2000 0.8
1.05 2200 0.8
1.05 2400 0.8
1.05 2600 0.8
1.05 2800 0.8
1.05 3000 0.8
1.05 3200 0.8
1.05 3400 0.8
1.05 3600 0.8
1.05 3800 0.8
1.05 4000 0.8
1.05 4200 0.8
1.05 4400 0.8
1.05 4600 0.8
1.05 4800 0.8
1.1 0 0.0
1.1 200 0.0
1.1 400 0.0
1.1 600 0.0
1.1 800 0.0
1.1 1000 0.0
1.1 1200 0.0
1.1 1400 0.0
1.1 1600 0.0
1.1 1800 0.0
1.1 2000 0.0
1.1 2200 0.0
1.1 2400 0.0
1.1 2600 0.0
1.1 2800 0.0
1.1 3000 0.0
1.1 3200 0.0
1.1 3400 0.0
1.1 3600 0.0
1.1 3800 0.0
1.1 4000 0.0
1.1 4200 0.0
1.1 4400 0.0
1.1 4600 0.0
1.1 4800 0.0
1.1 0 0.05
1.1 200 0.05
1.1 400 0.05
1.1 600 0.05
1.1 800 0.05
1.1 1000 0.05
1.1 1200 0.05
1.1 1400 0.05
1.1 1600 0.05
1.1 1800 0.05
1.1 2000 0.05
1.1 2200 0.05
1.1 2400 0.05
1.1 2600 0.05
1.1 2800 0.05
1.1 3000 0.05
1.1 3200 0.05
1.1 3400 0.05
1.1 3600 0.05
1.1 3800 0.05
1.1 4000 0.05
1.1 4200 0.05
1.1 4400 0.05
1.1 4600 0.05
1.1 4800 0.05
1.1 0 0.1
1.1 200 0.1
1.1 400 0.1
1.1 600 0.1
1.1 800 0.1
1.1 1000 0.1
1.1 1200 0.1
1.1 1400 0.1
1.1 1600 0.1
1.1 1800 0.1
1.1 2000 0.1
1.1 2200 0.1
1.1 2400 0.1
1.1 2600 0.1
1.1 2800 0.1
1.1 3000 0.1
1.1 3200 0.1
1.1 3400 0.1
1.1 3600 0.1
1.1 3800 0.1
1.1 4000 0.1
1.1 4200 0.1
1.1 4400 0.1
1.1 4600 0.1
1.1 4800 0.1
1.1 0 0.2
1.1 200 0.2
1.1 400 0.2
1.1 600 0.2
1.1 800 0.2
1.1 1000 0.2
1.1 1200 0.2
1.1 1400 0.2
1.1 1600 0.2
1.1 1800 0.2
1.1 2000 0.2
1.1 2200 0.2
1.1 2400 0.2
1.1 2600 0.2
1.1 2800 0.2
1.1 3000 0.2
1.1 3200 0.2
1.1 3400 0.2
1.1 3600 0.2
1.1 3800 0.2
1.1 4000 0.2
1.1 4200 0.2
1.1 4400 0.2
1.1 4600 0.2
1.1 4800 0.2
1.1 0 0.4
1.1 200 0.4
1.1 400 0.4
1.1 600 0.4
1.1 800 0.4
1.1 1000 0.4
1.1 1200 0.4
1.1 1400 0.4
1.1 1600 0.4
1.1 1800 0.4
1.1 2000 0.4
1.1 2200 0.4
1.1 2400 0.4
1.1 2600 0.4
1.1 2800 0.4
1.1 3000 0.4
1.1 3200 0.4
1.1 3400 0.4
1.1 3600 0.4
1.1 3800 0.4
1.1 4000 0.4
1.1 4200 0.4
1.1 4400 0.4
1.1 4600 0.4
1.1 4800 0.4
1.1 0 0.8
1.1 200 0.8
1.1 400 0.8
1.1 600 0.8
1.1 800 0.8
1.1 1000 0.8
1.1 1200 0.8
1.1 1400 0.8
1.1 1600 0.8
1.1 1800 0.8
1.1 2000 0.8
1.1 2200 0.8
1.1 2400 0.8
1.1 2600 0.8
1.1 2800 0.8
1.1 3000 0.8
1.1 3200 0.8
1.1 3400 0.8
1.1 3600 0.8
1.1 3800 0.8
1.1 4000 0.8
1.1 4200 0.8
1.1 4400 0.8
1.1 4600 0.8
1.1 4800 0.8
1.2 0 0.0
1.2 200 0.0
1.2 400 0.0
1.2 600 0.0
1.2 800 0.0
1.2 1000 0.0
1.2 1200 0.0
1.2 1400 0.0
1.2 1600 0.0
1.2 1800 0.0
1.2 2000 0.0
1.2 2200 0.0
1.2 2400 0.0
1.2 2600 0.0
1.2 2800 0.0
1.2 3000 0.0
1.2 3200 0.0
1.2 3400 0.0
1.2 3600 0.0
1.2 3800 0.0
1.2 4000 0.0
1.2 4200 0.0
1.2 4400 0.0
1.2 4600 0.0
1.2 4800 0.0
1.2 0 0.05
1.2 200 0.05
1.2 400 0.05
1.2 600 0.05
1.2 800 0.05
1.2 1000 0.05
1.2 1200 0.05
1.2 1400 0.05
1.2 1600 0.05
1.2 1800 0.05
1.2 2000 0.05
1.2 2200 0.05
1.2 2400 0.05
1.2 2600 0.05
1.2 2800 0.05
1.2 3000 0.05
1.2 3200 0.05
1.2 3400 0.05
1.2 3600 0.05
1.2 3800 0.05
1.2 4000 0.05
1.2 4200 0.05
1.2 4400 0.05
1.2 4600 0.05
1.2 4800 0.05
1.2 0 0.1
1.2 200 0.1
1.2 400 0.1
1.2 600 0.1
1.2 800 0.1
1.2 1000 0.1
1.2 1200 0.1
1.2 1400 0.1
1.2 1600 0.1
1.2 1800 0.1
1.2 2000 0.1
1.2 2200 0.1
1.2 2400 0.1
1.2 2600 0.1
1.2 2800 0.1
1.2 3000 0.1
1.2 3200 0.1
1.2 3400 0.1
1.2 3600 0.1
1.2 3800 0.1
1.2 4000 0.1
1.2 4200 0.1
1.2 4400 0.1
1.2 4600 0.1
1.2 4800 0.1
1.2 0 0.2
1.2 200 0.2
1.2 400 0.2
1.2 600 0.2
1.2 800 0.2
1.2 1000 0.2
1.2 1200 0.2
1.2 1400 0.2
1.2 1600 0.2
1.2 1800 0.2
1.2 2000 0.2
1.2 2200 0.2
1.2 2400 0.2
1.2 2600 0.2
1.2 2800 0.2
1.2 3000 0.2
1.2 3200 0.2
1.2 3400 0.2
1.2 3600 0.2
1.2 3800 0.2
1.2 4000 0.2
1.2 4200 0.2
1.2 4400 0.2
1.2 4600 0.2
1.2 4800 0.2
1.2 0 0.4
1.2 200 0.4
1.2 400 0.4
1.2 600 0.4
1.2 800 0.4
1.2 1000 0.4
1.2 1200 0.4
1.2 1400 0.4
1.2 1600 0.4
1.2 1800 0.4
1.2 2000 0.4
1.2 2200 0.4
1.2 2400 0.4
1.2 2600 0.4
1.2 2800 0.4
1.2 3000 0.4
1.2 3200 0.4
1.2 3400 0.4
1.2 3600 0.4
1.2 3800 0.4
1.2 4000 0.4
1.2 4200 0.4
1.2 4400 0.4
1.2 4600 0.4
1.2 4800 0.4
1.2 0 0.8
1.2 200 0.8
1.2 400 0.8
1.2 600 0.8
1.2 800 0.8
1.2 1000 0.8
1.2 1200 0.8
1.2 1400 0.8
1.2 1600 0.8
1.2 1800 0.8
1.2 2000 0.8
1.2 2200 0.8
1.2 2400 0.8
1.2 2600 0.8
1.2 2800 0.8
1.2 3000 0.8
1.2 3200 0.8
1.2 3400 0.8
1.2 3600 0.8
1.2 3800 0.8
1.2 4000 0.8
1.2 4200 0.8
1.2 4400 0.8
1.2 4600 0.8
1.2 4800 0.8
1.4 0 0.0
1.4 200 0.0
1.4 400 0.0
1.4 600 0.0
1.4 800 0.0
1.4 1000 0.0
1.4 1200 0.0
1.4 1400 0.0
1.4 1600 0.0
1.4 1800 0.0
1.4 2000 0.0
1.4 2200 0.0
1.4 2400 0.0
1.4 2600 0.0
1.4 2800 0.0
1.4 3000 0.0
1.4 3200 0.0
1.4 3400 0.0
1.4 3600 0.0
1.4 3800 0.0
1.4 4000 0.0
1.4 4200 0.0
1.4 4400 0.0
1.4 4600 0.0
1.4 4800 0.0
1.4 0 0.05
1.4 200 0.05
1.4 400 0.05
1.4 600 0.05
1.4 800 0.05
1.4 1000 0.05
1.4 1200 0.05
1.4 1400 0.05
1.4 1600 0.05
1.4 1800 0.05
1.4 2000 0.05
1.4 2200 0.05
1.4 2400 0.05
1.4 2600 0.05
1.4 2800 0.05
1.4 3000 0.05
1.4 3200 0.05
1.4 3400 0.05
1.4 3600 0.05
1.4 3800 0.05
1.4 4000 0.05
1.4 4200 0.05
1.4 4400 0.05
1.4 4600 0.05
1.4 4800 0.05
1.4 0 0.1
1.4 200 0.1
1.4 400 0.1
1.4 600 0.1
1.4 800 0.1
1.4 1000 0.1
1.4 1200 0.1
1.4 1400 0.1
1.4 1600 0.1
1.4 1800 0.1
1.4 2000 0.1
1.4 2200 0.1
1.4 2400 0.1
1.4 2600 0.1
1.4 2800 0.1
1.4 3000 0.1
1.4 3200 0.1
1.4 3400 0.1
1.4 3600 0.1
1.4 3800 0.1
1.4 4000 0.1
1.4 4200 0.1
1.4 4400 0.1
1.4 4600 0.1
1.4 4800 0.1
1.4 0 0.2
1.4 200 0.2
1.4 400 0.2
1.4 600 0.2
1.4 800 0.2
1.4 1000 0.2
1.4 1200 0.2
1.4 1400 0.2
1.4 1600 0.2
1.4 1800 0.2
1.4 2000 0.2
1.4 2200 0.2
1.4 2400 0.2
1.4 2600 0.2
1.4 2800 0.2
1.4 3000 0.2
1.4 3200 0.2
1.4 3400 0.2
1.4 3600 0.2
1.4 3800 0.2
1.4 4000 0.2
1.4 4200 0.2
1.4 4400 0.2
1.4 4600 0.2
1.4 4800 0.2
1.4 0 0.4
1.4 200 0.4
1.4 400 0.4
1.4 600 0.4
1.4 800 0.4
1.4 1000 0.4
1.4 1200 0.4
1.4 1400 0.4
1.4 1600 0.4
1.4 1800 0.4
1.4 2000 0.4
1.4 2200 0.4
1.4 2400 0.4
1.4 2600 0.4
1.4 2800 0.4
1.4 3000 0.4
1.4 3200 0.4
1.4 3400 0.4
1.4 3600 0.4
1.4 3800 0.4
1.4 4000 0.4
1.4 4200 0.4
1.4 4400 0.4
1.4 4600 0.4
1.4 4800 0.4
1.4 0 0.8
1.4 200 0.8
1.4 400 0.8
1.4 600 0.8
1.4 800 0.8
1.4 1000 0.8
1.4 1200 0.8
1.4 1400 0.8
1.4 1600 0.8
1.4 1800 0.8
1.4 2000 0.8
1.4 2200 0.8
1.4 2400 0.8
1.4 2600 0.8
1.4 2800 0.8
1.4 3000 0.8
1.4 3200 0.8
1.4 3400 0.8
1.4 3600 0.8
1.4 3800 0.8
1.4 4000 0.8
1.4 4200 0.8
1.4 4400 0.8
1.4 4600 0.8
1.4 4800 0.8
1.6 0 0.0
1.6 200 0.0
1.6 400 0.0
1.6 600 0.0
1.6 800 0.0
1.6 1000 0.0
1.6 1200 0.0
1.6 1400 0.0
1.6 1600 0.0
1.6 1800 0.0
1.6 2000 0.0
1.6 2200 0.0
1.6 2400 0.0
1.6 2600 0.0
1.6 2800 0.0
1.6 3000 0.0
1.6 3200 0.0
1.6 3400 0.0
1.6 3600 0.0
1.6 3800 0.0
1.6 4000 0.0
1.6 4200 0.0
1.6 4400 0.0
1.6 4600 0.0
1.6 4800 0.0
1.6 0 0.05
1.6 200 0.05
1.6 400 0.05
1.6 600 0.05
1.6 800 0.05
1.6 1000 0.05
1.6 1200 0.05
1.6 1400 0.05
1.6 1600 0.05
1.6 1800 0.05
1.6 2000 0.05
1.6 2200 0.05
1.6 2400 0.05
1.6 2600 0.05
1.6 2800 0.05
1.6 3000 0.05
1.6 3200 0.05
1.6 3400 0.05
1.6 3600 0.05
1.6 3800 0.05
1.6 4000 0.05
1.6 4200 0.05
1.6 4400 0.05
1.6 4600 0.05
1.6 4800 0.05
1.6 0 0.1
1.6 200 0.1
1.6 400 0.1
1.6 600 0.1
1.6 800 0.1
1.6 1000 0.1
1.6 1200 0.1
1.6 1400 0.1
1.6 1600 0.1
1.6 1800 0.1
1.6 2000 0.1
1.6 2200 0.1
1.6 2400 0.1
1.6 2600 0.1
1.6 2800 0.1
1.6 3000 0.1
1.6 3200 0.1
1.6 3400 0.1
1.6 3600 0.1
1.6 3800 0.1
1.6 4000 0.1
1.6 4200 0.1
1.6 4400 0.1
1.6 4600 0.1
1.6 4800 0.1
1.6 0 0.2
1.6 200 0.2
1.6 400 0.2
1.6 600 0.2
1.6 800 0.2
1.6 1000 0.2
1.6 1200 0.2
1.6 1400 0.2
1.6 1600 0.2
1.6 1800 0.2
1.6 2000 0.2
1.6 2200 0.2
1.6 2400 0.2
1.6 2600 0.2
1.6 2800 0.2
1.6 3000 0.2
1.6 3200 0.2
1.6 3400 0.2
1.6 3600 0.2
1.6 3800 0.2
1.6 4000 0.2
1.6 4200 0.2
1.6 4400 0.2
1.6 4600 0.2
1.6 4800 0.2
1.6 0 0.4
1.6 200 0.4
1.6 400 0.4
1.6 600 0.4
1.6 800 0.4
1.6 1000 0.4
1.6 1200 0.4
1.6 1400 0.4
1.6 1600 0.4
1.6 1800 0.4
1.6 2000 0.4
1.6 2200 0.4
1.6 2400 0.4
1.6 2600 0.4
1.6 2800 0.4
1.6 3000 0.4
1.6 3200 0.4
1.6 3400 0.4
1.6 3600 0.4
1.6 3800 0.4
1.6 4000 0.4
1.6 4200 0.4
1.6 4400 0.4
1.6 4600 0.4
1.6 4800 0.4
1.6 0 0.8
1.6 200 0.8
1.6 400 0.8
1.6 600 0.8
1.6 800 0.8
1.6 1000 0.8
1.6 1200 0.8
1.6 1400 0.8
1.6 1600 0.8
1.6 1800 0.8
1.6 2000 0.8
1.6 2200 0.8
1.6 2400 0.8
1.6 2600 0.8
1.6 2800 0.8
1.6 3000 0.8
1.6 3200 0.8
1.6 3400 0.8
1.6 3600 0.8
1.6 3800 0.8
1.6 4000 0.8
1.6 4200 0.8
1.6 4400 0.8
1.6 4600 0.8
1.6 4800 0.8
1.9 0 0.0
1.9 200 0.0
1.9 400 0.0
1.9 600 0.0
1.9 800 0.0
1.9 1000 0.0
1.9 1200 0.0
1.9 1400 0.0
1.9 1600 0.0
1.9 1800 0.0
1.9 2000 0.0
1.9 2200 0.0
1.9 2400 0.0
1.9 2600 0.0
1.9 2800 0.0
1.9 3000 0.0
1.9 3200 0.0
1.9 3400 0.0
1.9 3600 0.0
1.9 3800 0.0
1.9 4000 0.0
1.9 4200 0.0
1.9 4400 0.0
1.9 4600 0.0
1.9 4800 0.0
1.9 0 0.05
1.9 200 0.05
1.9 400 0.05
1.9 600 0.05
1.9 800 0.05
1.9 1000 0.05
1.9 1200 0.05
1.9 1400 0.05
1.9 1600 0.05
1.9 1800 0.05
1.9 2000 0.05
1.9 2200 0.05
1.9 2400 0.05
1.9 2600 0.05
1.9 2800 0.05
1.9 3000 0.05
1.9 3200 0.05
1.9 3400 0.05
1.9 3600 0.05
1.9 3800 0.05
1.9 4000 0.05
1.9 4200 0.05
1.9 4400 0.05
1.9 4600 0.05
1.9 4800 0.05
1.9 0 0.1
1.9 200 0.1
1.9 400 0.1
1.9 600 0.1
1.9 800 0.1
1.9 1000 0.1
1.9 1200 0.1
1.9 1400 0.1
1.9 1600 0.1
1.9 1800 0.1
1.9 2000 0.1
1.9 2200 0.1
1.9 2400 0.1
1.9 2600 0.1
1.9 2800 0.1
1.9 3000 0.1
1.9 3200 0.1
1.9 3400 0.1
1.9 3600 0.1
1.9 3800 0.1
1.9 4000 0.1
1.9 4200 0.1
1.9 4400 0.1
1.9 4600 0.1
1.9 4800 0.1
1.9 0 0.2
1.9 200 0.2
1.9 400 0.2
1.9 600 0.2
1.9 800 0.2
1.9 1000 0.2
1.9 1200 0.2
1.9 1400 0.2
1.9 1600 0.2
1.9 1800 0.2
1.9 2000 0.2
1.9 2200 0.2
1.9 2400 0.2
1.9 2600 0.2
1.9 2800 0.2
1.9 3000 0.2
1.9 3200 0.2
1.9 3400 0.2
1.9 3600 0.2
1.9 3800 0.2
1.9 4000 0.2
1.9 4200 0.2
1.9 4400 0.2
1.9 4600 0.2
1.9 4800 0.2
1.9 0 0.4
1.9 200 0.4
1.9 400 0.4
1.9 600 0.4
1.9 800 0.4
1.9 1000 0.4
1.9 1200 0.4
1.9 1400 0.4
1.9 1600 0.4
1.9 1800 0.4
1.9 2000 0.4
1.9 2200 0.4
1.9 2400 0.4
1.9 2600 0.4
1.9 2800 0.4
1.9 3000 0.4
1.9 3200 0.4
1.9 3400 0.4
1.9 3600 0.4
1.9 3800 0.4
1.9 4000 0.4
1.9 4200 0.4
1.9 4400 0.4
1.9 4600 0.4
1.9 4800 0.4
1.9 0 0.8
1.9 200 0.8
1.9 400 0.8
1.9 600 0.8
1.9 800 0.8
1.9 1000 0.8
1.9 1200 0.8
1.9 1400 0.8
1.9 1600 0.8
1.9 1800 0.8
1.9 2000 0.8
1.9 2200 0.8
1.9 2400 0.8
1.9 2600 0.8
1.9 2800 0.8
1.9 3000 0.8
1.9 3200 0.8
1.9 3400 0.8
1.9 3600 0.8
1.9 3800 0.8
1.9 4000 0.8
1.9 4200 0.8
1.9 4400 0.8
1.9 4600 0.8
1.9 4800 0.8
2.3 0 0.0
2.3 200 0.0
2.3 400 0.0
2.3 600 0.0
2.3 800 0.0
2.3 1000 0.0
2.3 1200 0.0
2.3 1400 0.0
2.3 1600 0.0
2.3 1800 0.0
2.3 2000 0.0
2.3 2200 0.0
2.3 2400 0.0
2.3 2600 0.0
2.3 2800 0.0
2.3 3000 0.0
2.3 3200 0.0
2.3 3400 0.0
2.3 3600 0.0
2.3 3800 0.0
2.3 4000 0.0
2.3 4200 0.0
2.3 4400 0.0
2.3 4600 0.0
2.3 4800 0.0
2.3 0 0.05
2.3 200 0.05
2.3 400 0.05
2.3 600 0.05
2.3 800 0.05
2.3 1000 0.05
2.3 1200 0.05
2.3 1400 0.05
2.3 1600 0.05
2.3 1800 0.05
2.3 2000 0.05
2.3 2200 0.05
2.3 2400 0.05
2.3 2600 0.05
2.3 2800 0.05
2.3 3000 0.05
2.3 3200 0.05
2.3 3400 0.05
2.3 3600 0.05
2.3 3800 0.05
2.3 4000 0.05
2.3 4200 0.05
2.3 4400 0.05
2.3 4600 0.05
2.3 4800 0.05
2.3 0 0.1
2.3 200 0.1
2.3 400 0.1
2.3 600 0.1
2.3 800 0.1
2.3 1000 0.1
2.3 1200 0.1
2.3 1400 0.1
2.3 1600 0.1
2.3 1800 0.1
2.3 2000 0.1
2.3 2200 0.1
2.3 2400 0.1
2.3 2600 0.1
2.3 2800 0.1
2.3 3000 0.1
2.3 3200 0.1
2.3 3400 0.1
2.3 3600 0.1
2.3 3800 0.1
2.3 4000 0.1
2.3 4200 0.1
2.3 4400 0.1
2.3 4600 0.1
2.3 4800 0.1
2.3 0 0.2
2.3 200 0.2
2.3 400 0.2
2.3 600 0.2
2.3 800 0.2
2.3 1000 0.2
2.3 1200 0.2
2.3 1400 0.2
2.3 1600 0.2
2.3 1800 0.2
2.3 2000 0.2
2.3 2200 0.2
2.3 2400 0.2
2.3 2600 0.2
2.3 2800 0.2
2.3 3000 0.2
2.3 3200 0.2
2.3 3400 0.2
2.3 3600 0.2
2.3 3800 0.2
2.3 4000 0.2
2.3 4200 0.2
2.3 4400 0.2
2.3 4600 0.2
2.3 4800 0.2
2.3 0 0.4
2.3 200 0.4
2.3 400 0.4
2.3 600 0.4
2.3 800 0.4
2.3 1000 0.4
2.3 1200 0.4
2.3 1400 0.4
2.3 1600 0.4
2.3 1800 0.4
2.3 2000 0.4
2.3 2200 0.4
2.3 2400 0.4
2.3 2600 0.4
2.3 2800 0.4
2.3 3000 0.4
2.3 3200 0.4
2.3 3400 0.4
2.3 3600 0.4
2.3 3800 0.4
2.3 4000 0.4
2.3 4200 0.4
2.3 4400 0.4
2.3 4600 0.4
2.3 4800 0.4
2.3 0 0.8
2.3 200 0.8
2.3 400 0.8
2.3 600 0.8
2.3 800 0.8
2.3 1000 0.8
2.3 1200 0.8
2.3 1400 0.8
2.3 1600 0.8
2.3 1800 0.8
2.3 2000 0.8
2.3 2200 0.8
2.3 2400 0.8
2.3 2600 0.8
2.3 2800 0.8
2.3 3000 0.8
2.3 3200 0.8
2.3 3400 0.8
2.3 3600 0.8
2.3 3800 0.8
2.3 4000 0.8
2.3 4200 0.8
2.3 4400 0.8
2.3 4600 0.8
2.3 4800 0.8
2.8 0 0.0
2.8 200 0.0
2.8 400 0.0
2.8 600 0.0
2.8 800 0.0
2.8 1000 0.0
2.8 1200 0.0
2.8 1400 0.0
2.8 1600 0.0
2.8 1800 0.0
2.8 2000 0.0
2.8 2200 0.0
2.8 2400 0.0
2.8 2600 0.0
2.8 2800 0.0
2.8 3000 0.0
2.8 3200 0.0
2.8 3400 0.0
2.8 3600 0.0
2.8 3800 0.0
2.8 4000 0.0
2.8 4200 0.0
2.8 4400 0.0
2.8 4600 0.0
2.8 4800 0.0
2.8 0 0.05
2.8 200 0.05
2.8 400 0.05
2.8 600 0.05
2.8 800 0.05
2.8 1000 0.05
2.8 1200 0.05
2.8 1400 0.05
2.8 1600 0.05
2.8 1800 0.05
2.8 2000 0.05
2.8 2200 0.05
2.8 2400 0.05
2.8 2600 0.05
2.8 2800 0.05
2.8 3000 0.05
2.8 3200 0.05
2.8 3400 0.05
2.8 3600 0.05
2.8 3800 0.05
2.8 4000 0.05
2.8 4200 0.05
2.8 4400 0.05
2.8 4600 0.05
2.8 4800 0.05
2.8 0 0.1
2.8 200 0.1
2.8 400 0.1
2.8 600 0.1
2.8 800 0.1
2.8 1000 0.1
2.8 1200 0.1
2.8 1400 0.1
2.8 1600 0.1
2.8 1800 0.1
2.8 2000 0.1
2.8 2200 0.1
2.8 2400 0.1
2.8 2600 0.1
2.8 2800 0.1
2.8 3000 0.1
2.8 3200 0.1
2.8 3400 0.1
2.8 3600 0.1
2.8 3800 0.1
2.8 4000 0.1
2.8 4200 0.1
2.8 4400 0.1
2.8 4600 0.1
2.8 4800 0.1
2.8 0 0.2
2.8 200 0.2
2.8 400 0.2
2.8 600 0.2
2.8 800 0.2
2.8 1000 0.2
2.8 1200 0.2
2.8 1400 0.2
2.8 1600 0.2
2.8 1800 0.2
2.8 2000 0.2
2.8 2200 0.2
2.8 2400 0.2
2.8 2600 0.2
2.8 2800 0.2
2.8 3000 0.2
2.8 3200 0.2
2.8 3400 0.2
2.8 3600 0.2
2.8 3800 0.2
2.8 4000 0.2
2.8 4200 0.2
2.8 4400 0.2
2.8 4600 0.2
2.8 4800 0.2
2.8 0 0.4
2.8 200 0.4
2.8 400 0.4
2.8 600 0.4
2.8 800 0.4
2.8 1000 0.4
2.8 1200 0.4
2.8 1400 0.4
2.8 1600 0.4
2.8 1800 0.4
2.8 2000 0.4
2.8 2200 0.4
2.8 2400 0.4
2.8 2600 0.4
2.8 2800 0.4
2.8 3000 0.4
2.8 3200 0.4
2.8 3400 0.4
2.8 3600 0.4
2.8 3800 0.4
2.8 4000 0.4
2.8 4200 0.4
2.8 4400 0.4
2.8 4600 0.4
2.8 4800 0.4
2.8 0 0.8
2.8 200 0.8
2.8 400 0.8
2.8 600 0.8
2.8 800 0.8
2.8 1000 0.8
2.8 1200 0.8
2.8 1400 0.8
2.8 1600 0.8
2.8 1800 0.8
2.8 2000 0.8
2.8 2200 0.8
2.8 2400 0.8
2.8 2600 0.8
2.8 2800 0.8
2.8 3000 0.8
2.8 3200 0.8
2.8 3400 0.8
2.8 3600 0.8
2.8 3800 0.8
2.8 4000 0.8
2.8 4200 0.8
2.8 4400 0.8
2.8 4600 0.8
2.8 4800 0.8
