1.05 0 25
1.05 200 25
1.05 400 25
1.05 600 25
1.05 800 25
1.05 1000 25
1.05 1200 25
1.05 1400 25
1.05 1600 25
1.05 1800 25
1.05 2000 25
1.05 2200 25
1.05 2400 25
1.05 2600 25
1.05 2800 25
1.05 3000 25
1.05 3200 25
1.05 3400 25
1.05 3600 25
1.05 3800 25
1.05 4000 25
1.05 4200 25
1.05 4400 25
1.05 4600 25
1.05 4800 25
1.05 0 50
1.05 200 50
1.05 400 50
1.05 600 50
1.05 800 50
1.05 1000 50
1.05 1200 50
1.05 1400 50
1.05 1600 50
1.05 1800 50
1.05 2000 50
1.05 2200 50
1.05 2400 50
1.05 2600 50
1.05 2800 50
1.05 3000 50
1.05 3200 50
1.05 3400 50
1.05 3600 50
1.05 3800 50
1.05 4000 50
1.05 4200 50
1.05 4400 50
1.05 4600 50
1.05 4800 50
1.05 0 100
1.05 200 100
1.05 400 100
1.05 600 100
1.05 800 100
1.05 1000 100
1.05 1200 100
1.05 1400 100
1.05 1600 100
1.05 1800 100
1.05 2000 100
1.05 2200 100
1.05 2400 100
1.05 2600 100
1.05 2800 100
1.05 3000 100
1.05 3200 100
1.05 3400 100
1.05 3600 100
1.05 3800 100
1.05 4000 100
1.05 4200 100
1.05 4400 100
1.05 4600 100
1.05 4800 100
1.05 0 200
1.05 200 200
1.05 400 200
1.05 600 200
1.05 800 200
1.05 1000 200
1.05 1200 200
1.05 1400 200
1.05 1600 200
1.05 1800 200
1.05 2000 200
1.05 2200 200
1.05 2400 200
1.05 2600 200
1.05 2800 200
1.05 3000 200
1.05 3200 200
1.05 3400 200
1.05 3600 200
1.05 3800 200
1.05 4000 200
1.05 4200 200
1.05 4400 200
1.05 4600 200
1.05 4800 200
1.05 0 400
1.05 200 400
1.05 400 400
1.05 600 400
1.05 800 400
1.05 1000 400
1.05 1200 400
1.05 1400 400
1.05 1600 400
1.05 1800 400
1.05 2000 400
1.05 2200 400
1.05 2400 400
1.05 2600 400
1.05 2800 400
1.05 3000 400
1.05 3200 400
1.05 3400 400
1.05 3600 400
1.05 3800 400
1.05 4000 400
1.05 4200 400
1.05 4400 400
1.05 4600 400
1.05 4800 400
1.1 0 25
1.1 200 25
1.1 400 25
1.1 600 25
1.1 800 25
1.1 1000 25
1.1 1200 25
1.1 1400 25
1.1 1600 25
1.1 1800 25
1.1 2000 25
1.1 2200 25
1.1 2400 25
1.1 2600 25
1.1 2800 25
1.1 3000 25
1.1 3200 25
1.1 3400 25
1.1 3600 25
1.1 3800 25
1.1 4000 25
1.1 4200 25
1.1 4400 25
1.1 4600 25
1.1 4800 25
1.1 0 50
1.1 200 50
1.1 400 50
1.1 600 50
1.1 800 50
1.1 1000 50
1.1 1200 50
1.1 1400 50
1.1 1600 50
1.1 1800 50
1.1 2000 50
1.1 2200 50
1.1 2400 50
1.1 2600 50
1.1 2800 50
1.1 3000 50
1.1 3200 50
1.1 3400 50
1.1 3600 50
1.1 3800 50
1.1 4000 50
1.1 4200 50
1.1 4400 50
1.1 4600 50
1.1 4800 50
1.1 0 100
1.1 200 100
1.1 400 100
1.1 600 100
1.1 800 100
1.1 1000 100
1.1 1200 100
1.1 1400 100
1.1 1600 100
1.1 1800 100
1.1 2000 100
1.1 2200 100
1.1 2400 100
1.1 2600 100
1.1 2800 100
1.1 3000 100
1.1 3200 100
1.1 3400 100
1.1 3600 100
1.1 3800 100
1.1 4000 100
1.1 4200 100
1.1 4400 100
1.1 4600 100
1.1 4800 100
1.1 0 200
1.1 200 200
1.1 400 200
1.1 600 200
1.1 800 200
1.1 1000 200
1.1 1200 200
1.1 1400 200
1.1 1600 200
1.1 1800 200
1.1 2000 200
1.1 2200 200
1.1 2400 200
1.1 2600 200
1.1 2800 200
1.1 3000 200
1.1 3200 200
1.1 3400 200
1.1 3600 200
1.1 3800 200
1.1 4000 200
1.1 4200 200
1.1 4400 200
1.1 4600 200
1.1 4800 200
1.1 0 400
1.1 200 400
1.1 400 400
1.1 600 400
1.1 800 400
1.1 1000 400
1.1 1200 400
1.1 1400 400
1.1 1600 400
1.1 1800 400
1.1 2000 400
1.1 2200 400
1.1 2400 400
1.1 2600 400
1.1 2800 400
1.1 3000 400
1.1 3200 400
1.1 3400 400
1.1 3600 400
1.1 3800 400
1.1 4000 400
1.1 4200 400
1.1 4400 400
1.1 4600 400
1.1 4800 400
1.2 0 25
1.2 200 25
1.2 400 25
1.2 600 25
1.2 800 25
1.2 1000 25
1.2 1200 25
1.2 1400 25
1.2 1600 25
1.2 1800 25
1.2 2000 25
1.2 2200 25
1.2 2400 25
1.2 2600 25
1.2 2800 25
1.2 3000 25
1.2 3200 25
1.2 3400 25
1.2 3600 25
1.2 3800 25
1.2 4000 25
1.2 4200 25
1.2 4400 25
1.2 4600 25
1.2 4800 25
1.2 0 50
1.2 200 50
1.2 400 50
1.2 600 50
1.2 800 50
1.2 1000 50
1.2 1200 50
1.2 1400 50
1.2 1600 50
1.2 1800 50
1.2 2000 50
1.2 2200 50
1.2 2400 50
1.2 2600 50
1.2 2800 50
1.2 3000 50
1.2 3200 50
1.2 3400 50
1.2 3600 50
1.2 3800 50
1.2 4000 50
1.2 4200 50
1.2 4400 50
1.2 4600 50
1.2 4800 50
1.2 0 100
1.2 200 100
1.2 400 100
1.2 600 100
1.2 800 100
1.2 1000 100
1.2 1200 100
1.2 1400 100
1.2 1600 100
1.2 1800 100
1.2 2000 100
1.2 2200 100
1.2 2400 100
1.2 2600 100
1.2 2800 100
1.2 3000 100
1.2 3200 100
1.2 3400 100
1.2 3600 100
1.2 3800 100
1.2 4000 100
1.2 4200 100
1.2 4400 100
1.2 4600 100
1.2 4800 100
1.2 0 200
1.2 200 200
1.2 400 200
1.2 600 200
1.2 800 200
1.2 1000 200
1.2 1200 200
1.2 1400 200
1.2 1600 200
1.2 1800 200
1.2 2000 200
1.2 2200 200
1.2 2400 200
1.2 2600 200
1.2 2800 200
1.2 3000 200
1.2 3200 200
1.2 3400 200
1.2 3600 200
1.2 3800 200
1.2 4000 200
1.2 4200 200
1.2 4400 200
1.2 4600 200
1.2 4800 200
1.2 0 400
1.2 200 400
1.2 400 400
1.2 600 400
1.2 800 400
1.2 1000 400
1.2 1200 400
1.2 1400 400
1.2 1600 400
1.2 1800 400
1.2 2000 400
1.2 2200 400
1.2 2400 400
1.2 2600 400
1.2 2800 400
1.2 3000 400
1.2 3200 400
1.2 3400 400
1.2 3600 400
1.2 3800 400
1.2 4000 400
1.2 4200 400
1.2 4400 400
1.2 4600 400
1.2 4800 400
1.4 0 25
1.4 200 25
1.4 400 25
1.4 600 25
1.4 800 25
1.4 1000 25
1.4 1200 25
1.4 1400 25
1.4 1600 25
1.4 1800 25
1.4 2000 25
1.4 2200 25
1.4 2400 25
1.4 2600 25
1.4 2800 25
1.4 3000 25
1.4 3200 25
1.4 3400 25
1.4 3600 25
1.4 3800 25
1.4 4000 25
1.4 4200 25
1.4 4400 25
1.4 4600 25
1.4 4800 25
1.4 0 50
1.4 200 50
1.4 400 50
1.4 600 50
1.4 800 50
1.4 1000 50
1.4 1200 50
1.4 1400 50
1.4 1600 50
1.4 1800 50
1.4 2000 50
1.4 2200 50
1.4 2400 50
1.4 2600 50
1.4 2800 50
1.4 3000 50
1.4 3200 50
1.4 3400 50
1.4 3600 50
1.4 3800 50
1.4 4000 50
1.4 4200 50
1.4 4400 50
1.4 4600 50
1.4 4800 50
1.4 0 100
1.4 200 100
1.4 400 100
1.4 600 100
1.4 800 100
1.4 1000 100
1.4 1200 100
1.4 1400 100
1.4 1600 100
1.4 1800 100
1.4 2000 100
1.4 2200 100
1.4 2400 100
1.4 2600 100
1.4 2800 100
1.4 3000 100
1.4 3200 100
1.4 3400 100
1.4 3600 100
1.4 3800 100
1.4 4000 100
1.4 4200 100
1.4 4400 100
1.4 4600 100
1.4 4800 100
1.4 0 200
1.4 200 200
1.4 400 200
1.4 600 200
1.4 800 200
1.4 1000 200
1.4 1200 200
1.4 1400 200
1.4 1600 200
1.4 1800 200
1.4 2000 200
1.4 2200 200
1.4 2400 200
1.4 2600 200
1.4 2800 200
1.4 3000 200
1.4 3200 200
1.4 3400 200
1.4 3600 200
1.4 3800 200
1.4 4000 200
1.4 4200 200
1.4 4400 200
1.4 4600 200
1.4 4800 200
1.4 0 400
1.4 200 400
1.4 400 400
1.4 600 400
1.4 800 400
1.4 1000 400
1.4 1200 400
1.4 1400 400
1.4 1600 400
1.4 1800 400
1.4 2000 400
1.4 2200 400
1.4 2400 400
1.4 2600 400
1.4 2800 400
1.4 3000 400
1.4 3200 400
1.4 3400 400
1.4 3600 400
1.4 3800 400
1.4 4000 400
1.4 4200 400
1.4 4400 400
1.4 4600 400
1.4 4800 400
1.6 0 25
1.6 200 25
1.6 400 25
1.6 600 25
1.6 800 25
1.6 1000 25
1.6 1200 25
1.6 1400 25
1.6 1600 25
1.6 1800 25
1.6 2000 25
1.6 2200 25
1.6 2400 25
1.6 2600 25
1.6 2800 25
1.6 3000 25
1.6 3200 25
1.6 3400 25
1.6 3600 25
1.6 3800 25
1.6 4000 25
1.6 4200 25
1.6 4400 25
1.6 4600 25
1.6 4800 25
1.6 0 50
1.6 200 50
1.6 400 50
1.6 600 50
1.6 800 50
1.6 1000 50
1.6 1200 50
1.6 1400 50
1.6 1600 50
1.6 1800 50
1.6 2000 50
1.6 2200 50
1.6 2400 50
1.6 2600 50
1.6 2800 50
1.6 3000 50
1.6 3200 50
1.6 3400 50
1.6 3600 50
1.6 3800 50
1.6 4000 50
1.6 4200 50
1.6 4400 50
1.6 4600 50
1.6 4800 50
1.6 0 100
1.6 200 100
1.6 400 100
1.6 600 100
1.6 800 100
1.6 1000 100
1.6 1200 100
1.6 1400 100
1.6 1600 100
1.6 1800 100
1.6 2000 100
1.6 2200 100
1.6 2400 100
1.6 2600 100
1.6 2800 100
1.6 3000 100
1.6 3200 100
1.6 3400 100
1.6 3600 100
1.6 3800 100
1.6 4000 100
1.6 4200 100
1.6 4400 100
1.6 4600 100
1.6 4800 100
1.6 0 200
1.6 200 200
1.6 400 200
1.6 600 200
1.6 800 200
1.6 1000 200
1.6 1200 200
1.6 1400 200
1.6 1600 200
1.6 1800 200
1.6 2000 200
1.6 2200 200
1.6 2400 200
1.6 2600 200
1.6 2800 200
1.6 3000 200
1.6 3200 200
1.6 3400 200
1.6 3600 200
1.6 3800 200
1.6 4000 200
1.6 4200 200
1.6 4400 200
1.6 4600 200
1.6 4800 200
1.6 0 400
1.6 200 400
1.6 400 400
1.6 600 400
1.6 800 400
1.6 1000 400
1.6 1200 400
1.6 1400 400
1.6 1600 400
1.6 1800 400
1.6 2000 400
1.6 2200 400
1.6 2400 400
1.6 2600 400
1.6 2800 400
1.6 3000 400
1.6 3200 400
1.6 3400 400
1.6 3600 400
1.6 3800 400
1.6 4000 400
1.6 4200 400
1.6 4400 400
1.6 4600 400
1.6 4800 400
1.9 0 25
1.9 200 25
1.9 400 25
1.9 600 25
1.9 800 25
1.9 1000 25
1.9 1200 25
1.9 1400 25
1.9 1600 25
1.9 1800 25
1.9 2000 25
1.9 2200 25
1.9 2400 25
1.9 2600 25
1.9 2800 25
1.9 3000 25
1.9 3200 25
1.9 3400 25
1.9 3600 25
1.9 3800 25
1.9 4000 25
1.9 4200 25
1.9 4400 25
1.9 4600 25
1.9 4800 25
1.9 0 50
1.9 200 50
1.9 400 50
1.9 600 50
1.9 800 50
1.9 1000 50
1.9 1200 50
1.9 1400 50
1.9 1600 50
1.9 1800 50
1.9 2000 50
1.9 2200 50
1.9 2400 50
1.9 2600 50
1.9 2800 50
1.9 3000 50
1.9 3200 50
1.9 3400 50
1.9 3600 50
1.9 3800 50
1.9 4000 50
1.9 4200 50
1.9 4400 50
1.9 4600 50
1.9 4800 50
1.9 0 100
1.9 200 100
1.9 400 100
1.9 600 100
1.9 800 100
1.9 1000 100
1.9 1200 100
1.9 1400 100
1.9 1600 100
1.9 1800 100
1.9 2000 100
1.9 2200 100
1.9 2400 100
1.9 2600 100
1.9 2800 100
1.9 3000 100
1.9 3200 100
1.9 3400 100
1.9 3600 100
1.9 3800 100
1.9 4000 100
1.9 4200 100
1.9 4400 100
1.9 4600 100
1.9 4800 100
1.9 0 200
1.9 200 200
1.9 400 200
1.9 600 200
1.9 800 200
1.9 1000 200
1.9 1200 200
1.9 1400 200
1.9 1600 200
1.9 1800 200
1.9 2000 200
1.9 2200 200
1.9 2400 200
1.9 2600 200
1.9 2800 200
1.9 3000 200
1.9 3200 200
1.9 3400 200
1.9 3600 200
1.9 3800 200
1.9 4000 200
1.9 4200 200
1.9 4400 200
1.9 4600 200
1.9 4800 200
1.9 0 400
1.9 200 400
1.9 400 400
1.9 600 400
1.9 800 400
1.9 1000 400
1.9 1200 400
1.9 1400 400
1.9 1600 400
1.9 1800 400
1.9 2000 400
1.9 2200 400
1.9 2400 400
1.9 2600 400
1.9 2800 400
1.9 3000 400
1.9 3200 400
1.9 3400 400
1.9 3600 400
1.9 3800 400
1.9 4000 400
1.9 4200 400
1.9 4400 400
1.9 4600 400
1.9 4800 400
2.3 0 25
2.3 200 25
2.3 400 25
2.3 600 25
2.3 800 25
2.3 1000 25
2.3 1200 25
2.3 1400 25
2.3 1600 25
2.3 1800 25
2.3 2000 25
2.3 2200 25
2.3 2400 25
2.3 2600 25
2.3 2800 25
2.3 3000 25
2.3 3200 25
2.3 3400 25
2.3 3600 25
2.3 3800 25
2.3 4000 25
2.3 4200 25
2.3 4400 25
2.3 4600 25
2.3 4800 25
2.3 0 50
2.3 200 50
2.3 400 50
2.3 600 50
2.3 800 50
2.3 1000 50
2.3 1200 50
2.3 1400 50
2.3 1600 50
2.3 1800 50
2.3 2000 50
2.3 2200 50
2.3 2400 50
2.3 2600 50
2.3 2800 50
2.3 3000 50
2.3 3200 50
2.3 3400 50
2.3 3600 50
2.3 3800 50
2.3 4000 50
2.3 4200 50
2.3 4400 50
2.3 4600 50
2.3 4800 50
2.3 0 100
2.3 200 100
2.3 400 100
2.3 600 100
2.3 800 100
2.3 1000 100
2.3 1200 100
2.3 1400 100
2.3 1600 100
2.3 1800 100
2.3 2000 100
2.3 2200 100
2.3 2400 100
2.3 2600 100
2.3 2800 100
2.3 3000 100
2.3 3200 100
2.3 3400 100
2.3 3600 100
2.3 3800 100
2.3 4000 100
2.3 4200 100
2.3 4400 100
2.3 4600 100
2.3 4800 100
2.3 0 200
2.3 200 200
2.3 400 200
2.3 600 200
2.3 800 200
2.3 1000 200
2.3 1200 200
2.3 1400 200
2.3 1600 200
2.3 1800 200
2.3 2000 200
2.3 2200 200
2.3 2400 200
2.3 2600 200
2.3 2800 200
2.3 3000 200
2.3 3200 200
2.3 3400 200
2.3 3600 200
2.3 3800 200
2.3 4000 200
2.3 4200 200
2.3 4400 200
2.3 4600 200
2.3 4800 200
2.3 0 400
2.3 200 400
2.3 400 400
2.3 600 400
2.3 800 400
2.3 1000 400
2.3 1200 400
2.3 1400 400
2.3 1600 400
2.3 1800 400
2.3 2000 400
2.3 2200 400
2.3 2400 400
2.3 2600 400
2.3 2800 400
2.3 3000 400
2.3 3200 400
2.3 3400 400
2.3 3600 400
2.3 3800 400
2.3 4000 400
2.3 4200 400
2.3 4400 400
2.3 4600 400
2.3 4800 400
2.8 0 25
2.8 200 25
2.8 400 25
2.8 600 25
2.8 800 25
2.8 1000 25
2.8 1200 25
2.8 1400 25
2.8 1600 25
2.8 1800 25
2.8 2000 25
2.8 2200 25
2.8 2400 25
2.8 2600 25
2.8 2800 25
2.8 3000 25
2.8 3200 25
2.8 3400 25
2.8 3600 25
2.8 3800 25
2.8 4000 25
2.8 4200 25
2.8 4400 25
2.8 4600 25
2.8 4800 25
2.8 0 50
2.8 200 50
2.8 400 50
2.8 600 50
2.8 800 50
2.8 1000 50
2.8 1200 50
2.8 1400 50
2.8 1600 50
2.8 1800 50
2.8 2000 50
2.8 2200 50
2.8 2400 50
2.8 2600 50
2.8 2800 50
2.8 3000 50
2.8 3200 50
2.8 3400 50
2.8 3600 50
2.8 3800 50
2.8 4000 50
2.8 4200 50
2.8 4400 50
2.8 4600 50
2.8 4800 50
2.8 0 100
2.8 200 100
2.8 400 100
2.8 600 100
2.8 800 100
2.8 1000 100
2.8 1200 100
2.8 1400 100
2.8 1600 100
2.8 1800 100
2.8 2000 100
2.8 2200 100
2.8 2400 100
2.8 2600 100
2.8 2800 100
2.8 3000 100
2.8 3200 100
2.8 3400 100
2.8 3600 100
2.8 3800 100
2.8 4000 100
2.8 4200 100
2.8 4400 100
2.8 4600 100
2.8 4800 100
2.8 0 200
2.8 200 200
2.8 400 200
2.8 600 200
2.8 800 200
2.8 1000 200
2.8 1200 200
2.8 1400 200
2.8 1600 200
2.8 1800 200
2.8 2000 200
2.8 2200 200
2.8 2400 200
2.8 2600 200
2.8 2800 200
2.8 3000 200
2.8 3200 200
2.8 3400 200
2.8 3600 200
2.8 3800 200
2.8 4000 200
2.8 4200 200
2.8 4400 200
2.8 4600 200
2.8 4800 200
2.8 0 400
2.8 200 400
2.8 400 400
2.8 600 400
2.8 800 400
2.8 1000 400
2.8 1200 400
2.8 1400 400
2.8 1600 400
2.8 1800 400
2.8 2000 400
2.8 2200 400
2.8 2400 400
2.8 2600 400
2.8 2800 400
2.8 3000 400
2.8 3200 400
2.8 3400 400
2.8 3600 400
2.8 3800 400
2.8 4000 400
2.8 4200 400
2.8 4400 400
2.8 4600 400
2.8 4800 400
