1.05 5000 25
1.05 5200 25
1.05 5400 25
1.05 5600 25
1.05 5800 25
1.05 6000 25
1.05 6200 25
1.05 6400 25
1.05 6600 25
1.05 6800 25
1.05 7000 25
1.05 7200 25
1.05 7400 25
1.05 7600 25
1.05 7800 25
1.05 8000 25
1.05 8200 25
1.05 8400 25
1.05 8600 25
1.05 8800 25
1.05 9000 25
1.05 9200 25
1.05 9400 25
1.05 9600 25
1.05 9800 25
1.05 10000 25
1.05 10200 25
1.05 10400 25
1.05 10600 25
1.05 10800 25
1.05 11000 25
1.05 11200 25
1.05 11400 25
1.05 11600 25
1.05 11800 25
1.05 12000 25
1.05 12200 25
1.05 12400 25
1.05 12600 25
1.05 12800 25
1.05 13000 25
1.05 13200 25
1.05 13400 25
1.05 13600 25
1.05 13800 25
1.05 14000 25
1.05 14200 25
1.05 14400 25
1.05 14600 25
1.05 14800 25
1.05 15000 25
1.05 15200 25
1.05 15400 25
1.05 15600 25
1.05 15800 25
1.05 16000 25
1.05 16200 25
1.05 16400 25
1.05 16600 25
1.05 16800 25
1.05 17000 25
1.05 17200 25
1.05 17400 25
1.05 17600 25
1.05 17800 25
1.05 18000 25
1.05 18200 25
1.05 18400 25
1.05 18600 25
1.05 18800 25
1.05 19000 25
1.05 19200 25
1.05 19400 25
1.05 19600 25
1.05 19800 25
1.05 5000 50
1.05 5200 50
1.05 5400 50
1.05 5600 50
1.05 5800 50
1.05 6000 50
1.05 6200 50
1.05 6400 50
1.05 6600 50
1.05 6800 50
1.05 7000 50
1.05 7200 50
1.05 7400 50
1.05 7600 50
1.05 7800 50
1.05 8000 50
1.05 8200 50
1.05 8400 50
1.05 8600 50
1.05 8800 50
1.05 9000 50
1.05 9200 50
1.05 9400 50
1.05 9600 50
1.05 9800 50
1.05 10000 50
1.05 10200 50
1.05 10400 50
1.05 10600 50
1.05 10800 50
1.05 11000 50
1.05 11200 50
1.05 11400 50
1.05 11600 50
1.05 11800 50
1.05 12000 50
1.05 12200 50
1.05 12400 50
1.05 12600 50
1.05 12800 50
1.05 13000 50
1.05 13200 50
1.05 13400 50
1.05 13600 50
1.05 13800 50
1.05 14000 50
1.05 14200 50
1.05 14400 50
1.05 14600 50
1.05 14800 50
1.05 15000 50
1.05 15200 50
1.05 15400 50
1.05 15600 50
1.05 15800 50
1.05 16000 50
1.05 16200 50
1.05 16400 50
1.05 16600 50
1.05 16800 50
1.05 17000 50
1.05 17200 50
1.05 17400 50
1.05 17600 50
1.05 17800 50
1.05 18000 50
1.05 18200 50
1.05 18400 50
1.05 18600 50
1.05 18800 50
1.05 19000 50
1.05 19200 50
1.05 19400 50
1.05 19600 50
1.05 19800 50
1.05 5000 100
1.05 5200 100
1.05 5400 100
1.05 5600 100
1.05 5800 100
1.05 6000 100
1.05 6200 100
1.05 6400 100
1.05 6600 100
1.05 6800 100
1.05 7000 100
1.05 7200 100
1.05 7400 100
1.05 7600 100
1.05 7800 100
1.05 8000 100
1.05 8200 100
1.05 8400 100
1.05 8600 100
1.05 8800 100
1.05 9000 100
1.05 9200 100
1.05 9400 100
1.05 9600 100
1.05 9800 100
1.05 10000 100
1.05 10200 100
1.05 10400 100
1.05 10600 100
1.05 10800 100
1.05 11000 100
1.05 11200 100
1.05 11400 100
1.05 11600 100
1.05 11800 100
1.05 12000 100
1.05 12200 100
1.05 12400 100
1.05 12600 100
1.05 12800 100
1.05 13000 100
1.05 13200 100
1.05 13400 100
1.05 13600 100
1.05 13800 100
1.05 14000 100
1.05 14200 100
1.05 14400 100
1.05 14600 100
1.05 14800 100
1.05 15000 100
1.05 15200 100
1.05 15400 100
1.05 15600 100
1.05 15800 100
1.05 16000 100
1.05 16200 100
1.05 16400 100
1.05 16600 100
1.05 16800 100
1.05 17000 100
1.05 17200 100
1.05 17400 100
1.05 17600 100
1.05 17800 100
1.05 18000 100
1.05 18200 100
1.05 18400 100
1.05 18600 100
1.05 18800 100
1.05 19000 100
1.05 19200 100
1.05 19400 100
1.05 19600 100
1.05 19800 100
1.05 5000 200
1.05 5200 200
1.05 5400 200
1.05 5600 200
1.05 5800 200
1.05 6000 200
1.05 6200 200
1.05 6400 200
1.05 6600 200
1.05 6800 200
1.05 7000 200
1.05 7200 200
1.05 7400 200
1.05 7600 200
1.05 7800 200
1.05 8000 200
1.05 8200 200
1.05 8400 200
1.05 8600 200
1.05 8800 200
1.05 9000 200
1.05 9200 200
1.05 9400 200
1.05 9600 200
1.05 9800 200
1.05 10000 200
1.05 10200 200
1.05 10400 200
1.05 10600 200
1.05 10800 200
1.05 11000 200
1.05 11200 200
1.05 11400 200
1.05 11600 200
1.05 11800 200
1.05 12000 200
1.05 12200 200
1.05 12400 200
1.05 12600 200
1.05 12800 200
1.05 13000 200
1.05 13200 200
1.05 13400 200
1.05 13600 200
1.05 13800 200
1.05 14000 200
1.05 14200 200
1.05 14400 200
1.05 14600 200
1.05 14800 200
1.05 15000 200
1.05 15200 200
1.05 15400 200
1.05 15600 200
1.05 15800 200
1.05 16000 200
1.05 16200 200
1.05 16400 200
1.05 16600 200
1.05 16800 200
1.05 17000 200
1.05 17200 200
1.05 17400 200
1.05 17600 200
1.05 17800 200
1.05 18000 200
1.05 18200 200
1.05 18400 200
1.05 18600 200
1.05 18800 200
1.05 19000 200
1.05 19200 200
1.05 19400 200
1.05 19600 200
1.05 19800 200
1.05 5000 400
1.05 5200 400
1.05 5400 400
1.05 5600 400
1.05 5800 400
1.05 6000 400
1.05 6200 400
1.05 6400 400
1.05 6600 400
1.05 6800 400
1.05 7000 400
1.05 7200 400
1.05 7400 400
1.05 7600 400
1.05 7800 400
1.05 8000 400
1.05 8200 400
1.05 8400 400
1.05 8600 400
1.05 8800 400
1.05 9000 400
1.05 9200 400
1.05 9400 400
1.05 9600 400
1.05 9800 400
1.05 10000 400
1.05 10200 400
1.05 10400 400
1.05 10600 400
1.05 10800 400
1.05 11000 400
1.05 11200 400
1.05 11400 400
1.05 11600 400
1.05 11800 400
1.05 12000 400
1.05 12200 400
1.05 12400 400
1.05 12600 400
1.05 12800 400
1.05 13000 400
1.05 13200 400
1.05 13400 400
1.05 13600 400
1.05 13800 400
1.05 14000 400
1.05 14200 400
1.05 14400 400
1.05 14600 400
1.05 14800 400
1.05 15000 400
1.05 15200 400
1.05 15400 400
1.05 15600 400
1.05 15800 400
1.05 16000 400
1.05 16200 400
1.05 16400 400
1.05 16600 400
1.05 16800 400
1.05 17000 400
1.05 17200 400
1.05 17400 400
1.05 17600 400
1.05 17800 400
1.05 18000 400
1.05 18200 400
1.05 18400 400
1.05 18600 400
1.05 18800 400
1.05 19000 400
1.05 19200 400
1.05 19400 400
1.05 19600 400
1.05 19800 400
1.1 5000 25
1.1 5200 25
1.1 5400 25
1.1 5600 25
1.1 5800 25
1.1 6000 25
1.1 6200 25
1.1 6400 25
1.1 6600 25
1.1 6800 25
1.1 7000 25
1.1 7200 25
1.1 7400 25
1.1 7600 25
1.1 7800 25
1.1 8000 25
1.1 8200 25
1.1 8400 25
1.1 8600 25
1.1 8800 25
1.1 9000 25
1.1 9200 25
1.1 9400 25
1.1 9600 25
1.1 9800 25
1.1 10000 25
1.1 10200 25
1.1 10400 25
1.1 10600 25
1.1 10800 25
1.1 11000 25
1.1 11200 25
1.1 11400 25
1.1 11600 25
1.1 11800 25
1.1 12000 25
1.1 12200 25
1.1 12400 25
1.1 12600 25
1.1 12800 25
1.1 13000 25
1.1 13200 25
1.1 13400 25
1.1 13600 25
1.1 13800 25
1.1 14000 25
1.1 14200 25
1.1 14400 25
1.1 14600 25
1.1 14800 25
1.1 15000 25
1.1 15200 25
1.1 15400 25
1.1 15600 25
1.1 15800 25
1.1 16000 25
1.1 16200 25
1.1 16400 25
1.1 16600 25
1.1 16800 25
1.1 17000 25
1.1 17200 25
1.1 17400 25
1.1 17600 25
1.1 17800 25
1.1 18000 25
1.1 18200 25
1.1 18400 25
1.1 18600 25
1.1 18800 25
1.1 19000 25
1.1 19200 25
1.1 19400 25
1.1 19600 25
1.1 19800 25
1.1 5000 50
1.1 5200 50
1.1 5400 50
1.1 5600 50
1.1 5800 50
1.1 6000 50
1.1 6200 50
1.1 6400 50
1.1 6600 50
1.1 6800 50
1.1 7000 50
1.1 7200 50
1.1 7400 50
1.1 7600 50
1.1 7800 50
1.1 8000 50
1.1 8200 50
1.1 8400 50
1.1 8600 50
1.1 8800 50
1.1 9000 50
1.1 9200 50
1.1 9400 50
1.1 9600 50
1.1 9800 50
1.1 10000 50
1.1 10200 50
1.1 10400 50
1.1 10600 50
1.1 10800 50
1.1 11000 50
1.1 11200 50
1.1 11400 50
1.1 11600 50
1.1 11800 50
1.1 12000 50
1.1 12200 50
1.1 12400 50
1.1 12600 50
1.1 12800 50
1.1 13000 50
1.1 13200 50
1.1 13400 50
1.1 13600 50
1.1 13800 50
1.1 14000 50
1.1 14200 50
1.1 14400 50
1.1 14600 50
1.1 14800 50
1.1 15000 50
1.1 15200 50
1.1 15400 50
1.1 15600 50
1.1 15800 50
1.1 16000 50
1.1 16200 50
1.1 16400 50
1.1 16600 50
1.1 16800 50
1.1 17000 50
1.1 17200 50
1.1 17400 50
1.1 17600 50
1.1 17800 50
1.1 18000 50
1.1 18200 50
1.1 18400 50
1.1 18600 50
1.1 18800 50
1.1 19000 50
1.1 19200 50
1.1 19400 50
1.1 19600 50
1.1 19800 50
1.1 5000 100
1.1 5200 100
1.1 5400 100
1.1 5600 100
1.1 5800 100
1.1 6000 100
1.1 6200 100
1.1 6400 100
1.1 6600 100
1.1 6800 100
1.1 7000 100
1.1 7200 100
1.1 7400 100
1.1 7600 100
1.1 7800 100
1.1 8000 100
1.1 8200 100
1.1 8400 100
1.1 8600 100
1.1 8800 100
1.1 9000 100
1.1 9200 100
1.1 9400 100
1.1 9600 100
1.1 9800 100
1.1 10000 100
1.1 10200 100
1.1 10400 100
1.1 10600 100
1.1 10800 100
1.1 11000 100
1.1 11200 100
1.1 11400 100
1.1 11600 100
1.1 11800 100
1.1 12000 100
1.1 12200 100
1.1 12400 100
1.1 12600 100
1.1 12800 100
1.1 13000 100
1.1 13200 100
1.1 13400 100
1.1 13600 100
1.1 13800 100
1.1 14000 100
1.1 14200 100
1.1 14400 100
1.1 14600 100
1.1 14800 100
1.1 15000 100
1.1 15200 100
1.1 15400 100
1.1 15600 100
1.1 15800 100
1.1 16000 100
1.1 16200 100
1.1 16400 100
1.1 16600 100
1.1 16800 100
1.1 17000 100
1.1 17200 100
1.1 17400 100
1.1 17600 100
1.1 17800 100
1.1 18000 100
1.1 18200 100
1.1 18400 100
1.1 18600 100
1.1 18800 100
1.1 19000 100
1.1 19200 100
1.1 19400 100
1.1 19600 100
1.1 19800 100
1.1 5000 200
1.1 5200 200
1.1 5400 200
1.1 5600 200
1.1 5800 200
1.1 6000 200
1.1 6200 200
1.1 6400 200
1.1 6600 200
1.1 6800 200
1.1 7000 200
1.1 7200 200
1.1 7400 200
1.1 7600 200
1.1 7800 200
1.1 8000 200
1.1 8200 200
1.1 8400 200
1.1 8600 200
1.1 8800 200
1.1 9000 200
1.1 9200 200
1.1 9400 200
1.1 9600 200
1.1 9800 200
1.1 10000 200
1.1 10200 200
1.1 10400 200
1.1 10600 200
1.1 10800 200
1.1 11000 200
1.1 11200 200
1.1 11400 200
1.1 11600 200
1.1 11800 200
1.1 12000 200
1.1 12200 200
1.1 12400 200
1.1 12600 200
1.1 12800 200
1.1 13000 200
1.1 13200 200
1.1 13400 200
1.1 13600 200
1.1 13800 200
1.1 14000 200
1.1 14200 200
1.1 14400 200
1.1 14600 200
1.1 14800 200
1.1 15000 200
1.1 15200 200
1.1 15400 200
1.1 15600 200
1.1 15800 200
1.1 16000 200
1.1 16200 200
1.1 16400 200
1.1 16600 200
1.1 16800 200
1.1 17000 200
1.1 17200 200
1.1 17400 200
1.1 17600 200
1.1 17800 200
1.1 18000 200
1.1 18200 200
1.1 18400 200
1.1 18600 200
1.1 18800 200
1.1 19000 200
1.1 19200 200
1.1 19400 200
1.1 19600 200
1.1 19800 200
1.1 5000 400
1.1 5200 400
1.1 5400 400
1.1 5600 400
1.1 5800 400
1.1 6000 400
1.1 6200 400
1.1 6400 400
1.1 6600 400
1.1 6800 400
1.1 7000 400
1.1 7200 400
1.1 7400 400
1.1 7600 400
1.1 7800 400
1.1 8000 400
1.1 8200 400
1.1 8400 400
1.1 8600 400
1.1 8800 400
1.1 9000 400
1.1 9200 400
1.1 9400 400
1.1 9600 400
1.1 9800 400
1.1 10000 400
1.1 10200 400
1.1 10400 400
1.1 10600 400
1.1 10800 400
1.1 11000 400
1.1 11200 400
1.1 11400 400
1.1 11600 400
1.1 11800 400
1.1 12000 400
1.1 12200 400
1.1 12400 400
1.1 12600 400
1.1 12800 400
1.1 13000 400
1.1 13200 400
1.1 13400 400
1.1 13600 400
1.1 13800 400
1.1 14000 400
1.1 14200 400
1.1 14400 400
1.1 14600 400
1.1 14800 400
1.1 15000 400
1.1 15200 400
1.1 15400 400
1.1 15600 400
1.1 15800 400
1.1 16000 400
1.1 16200 400
1.1 16400 400
1.1 16600 400
1.1 16800 400
1.1 17000 400
1.1 17200 400
1.1 17400 400
1.1 17600 400
1.1 17800 400
1.1 18000 400
1.1 18200 400
1.1 18400 400
1.1 18600 400
1.1 18800 400
1.1 19000 400
1.1 19200 400
1.1 19400 400
1.1 19600 400
1.1 19800 400
1.2 5000 25
1.2 5200 25
1.2 5400 25
1.2 5600 25
1.2 5800 25
1.2 6000 25
1.2 6200 25
1.2 6400 25
1.2 6600 25
1.2 6800 25
1.2 7000 25
1.2 7200 25
1.2 7400 25
1.2 7600 25
1.2 7800 25
1.2 8000 25
1.2 8200 25
1.2 8400 25
1.2 8600 25
1.2 8800 25
1.2 9000 25
1.2 9200 25
1.2 9400 25
1.2 9600 25
1.2 9800 25
1.2 10000 25
1.2 10200 25
1.2 10400 25
1.2 10600 25
1.2 10800 25
1.2 11000 25
1.2 11200 25
1.2 11400 25
1.2 11600 25
1.2 11800 25
1.2 12000 25
1.2 12200 25
1.2 12400 25
1.2 12600 25
1.2 12800 25
1.2 13000 25
1.2 13200 25
1.2 13400 25
1.2 13600 25
1.2 13800 25
1.2 14000 25
1.2 14200 25
1.2 14400 25
1.2 14600 25
1.2 14800 25
1.2 15000 25
1.2 15200 25
1.2 15400 25
1.2 15600 25
1.2 15800 25
1.2 16000 25
1.2 16200 25
1.2 16400 25
1.2 16600 25
1.2 16800 25
1.2 17000 25
1.2 17200 25
1.2 17400 25
1.2 17600 25
1.2 17800 25
1.2 18000 25
1.2 18200 25
1.2 18400 25
1.2 18600 25
1.2 18800 25
1.2 19000 25
1.2 19200 25
1.2 19400 25
1.2 19600 25
1.2 19800 25
1.2 5000 50
1.2 5200 50
1.2 5400 50
1.2 5600 50
1.2 5800 50
1.2 6000 50
1.2 6200 50
1.2 6400 50
1.2 6600 50
1.2 6800 50
1.2 7000 50
1.2 7200 50
1.2 7400 50
1.2 7600 50
1.2 7800 50
1.2 8000 50
1.2 8200 50
1.2 8400 50
1.2 8600 50
1.2 8800 50
1.2 9000 50
1.2 9200 50
1.2 9400 50
1.2 9600 50
1.2 9800 50
1.2 10000 50
1.2 10200 50
1.2 10400 50
1.2 10600 50
1.2 10800 50
1.2 11000 50
1.2 11200 50
1.2 11400 50
1.2 11600 50
1.2 11800 50
1.2 12000 50
1.2 12200 50
1.2 12400 50
1.2 12600 50
1.2 12800 50
1.2 13000 50
1.2 13200 50
1.2 13400 50
1.2 13600 50
1.2 13800 50
1.2 14000 50
1.2 14200 50
1.2 14400 50
1.2 14600 50
1.2 14800 50
1.2 15000 50
1.2 15200 50
1.2 15400 50
1.2 15600 50
1.2 15800 50
1.2 16000 50
1.2 16200 50
1.2 16400 50
1.2 16600 50
1.2 16800 50
1.2 17000 50
1.2 17200 50
1.2 17400 50
1.2 17600 50
1.2 17800 50
1.2 18000 50
1.2 18200 50
1.2 18400 50
1.2 18600 50
1.2 18800 50
1.2 19000 50
1.2 19200 50
1.2 19400 50
1.2 19600 50
1.2 19800 50
1.2 5000 100
1.2 5200 100
1.2 5400 100
1.2 5600 100
1.2 5800 100
1.2 6000 100
1.2 6200 100
1.2 6400 100
1.2 6600 100
1.2 6800 100
1.2 7000 100
1.2 7200 100
1.2 7400 100
1.2 7600 100
1.2 7800 100
1.2 8000 100
1.2 8200 100
1.2 8400 100
1.2 8600 100
1.2 8800 100
1.2 9000 100
1.2 9200 100
1.2 9400 100
1.2 9600 100
1.2 9800 100
1.2 10000 100
1.2 10200 100
1.2 10400 100
1.2 10600 100
1.2 10800 100
1.2 11000 100
1.2 11200 100
1.2 11400 100
1.2 11600 100
1.2 11800 100
1.2 12000 100
1.2 12200 100
1.2 12400 100
1.2 12600 100
1.2 12800 100
1.2 13000 100
1.2 13200 100
1.2 13400 100
1.2 13600 100
1.2 13800 100
1.2 14000 100
1.2 14200 100
1.2 14400 100
1.2 14600 100
1.2 14800 100
1.2 15000 100
1.2 15200 100
1.2 15400 100
1.2 15600 100
1.2 15800 100
1.2 16000 100
1.2 16200 100
1.2 16400 100
1.2 16600 100
1.2 16800 100
1.2 17000 100
1.2 17200 100
1.2 17400 100
1.2 17600 100
1.2 17800 100
1.2 18000 100
1.2 18200 100
1.2 18400 100
1.2 18600 100
1.2 18800 100
1.2 19000 100
1.2 19200 100
1.2 19400 100
1.2 19600 100
1.2 19800 100
1.2 5000 200
1.2 5200 200
1.2 5400 200
1.2 5600 200
1.2 5800 200
1.2 6000 200
1.2 6200 200
1.2 6400 200
1.2 6600 200
1.2 6800 200
1.2 7000 200
1.2 7200 200
1.2 7400 200
1.2 7600 200
1.2 7800 200
1.2 8000 200
1.2 8200 200
1.2 8400 200
1.2 8600 200
1.2 8800 200
1.2 9000 200
1.2 9200 200
1.2 9400 200
1.2 9600 200
1.2 9800 200
1.2 10000 200
1.2 10200 200
1.2 10400 200
1.2 10600 200
1.2 10800 200
1.2 11000 200
1.2 11200 200
1.2 11400 200
1.2 11600 200
1.2 11800 200
1.2 12000 200
1.2 12200 200
1.2 12400 200
1.2 12600 200
1.2 12800 200
1.2 13000 200
1.2 13200 200
1.2 13400 200
1.2 13600 200
1.2 13800 200
1.2 14000 200
1.2 14200 200
1.2 14400 200
1.2 14600 200
1.2 14800 200
1.2 15000 200
1.2 15200 200
1.2 15400 200
1.2 15600 200
1.2 15800 200
1.2 16000 200
1.2 16200 200
1.2 16400 200
1.2 16600 200
1.2 16800 200
1.2 17000 200
1.2 17200 200
1.2 17400 200
1.2 17600 200
1.2 17800 200
1.2 18000 200
1.2 18200 200
1.2 18400 200
1.2 18600 200
1.2 18800 200
1.2 19000 200
1.2 19200 200
1.2 19400 200
1.2 19600 200
1.2 19800 200
1.2 5000 400
1.2 5200 400
1.2 5400 400
1.2 5600 400
1.2 5800 400
1.2 6000 400
1.2 6200 400
1.2 6400 400
1.2 6600 400
1.2 6800 400
1.2 7000 400
1.2 7200 400
1.2 7400 400
1.2 7600 400
1.2 7800 400
1.2 8000 400
1.2 8200 400
1.2 8400 400
1.2 8600 400
1.2 8800 400
1.2 9000 400
1.2 9200 400
1.2 9400 400
1.2 9600 400
1.2 9800 400
1.2 10000 400
1.2 10200 400
1.2 10400 400
1.2 10600 400
1.2 10800 400
1.2 11000 400
1.2 11200 400
1.2 11400 400
1.2 11600 400
1.2 11800 400
1.2 12000 400
1.2 12200 400
1.2 12400 400
1.2 12600 400
1.2 12800 400
1.2 13000 400
1.2 13200 400
1.2 13400 400
1.2 13600 400
1.2 13800 400
1.2 14000 400
1.2 14200 400
1.2 14400 400
1.2 14600 400
1.2 14800 400
1.2 15000 400
1.2 15200 400
1.2 15400 400
1.2 15600 400
1.2 15800 400
1.2 16000 400
1.2 16200 400
1.2 16400 400
1.2 16600 400
1.2 16800 400
1.2 17000 400
1.2 17200 400
1.2 17400 400
1.2 17600 400
1.2 17800 400
1.2 18000 400
1.2 18200 400
1.2 18400 400
1.2 18600 400
1.2 18800 400
1.2 19000 400
1.2 19200 400
1.2 19400 400
1.2 19600 400
1.2 19800 400
1.4 5000 25
1.4 5200 25
1.4 5400 25
1.4 5600 25
1.4 5800 25
1.4 6000 25
1.4 6200 25
1.4 6400 25
1.4 6600 25
1.4 6800 25
1.4 7000 25
1.4 7200 25
1.4 7400 25
1.4 7600 25
1.4 7800 25
1.4 8000 25
1.4 8200 25
1.4 8400 25
1.4 8600 25
1.4 8800 25
1.4 9000 25
1.4 9200 25
1.4 9400 25
1.4 9600 25
1.4 9800 25
1.4 10000 25
1.4 10200 25
1.4 10400 25
1.4 10600 25
1.4 10800 25
1.4 11000 25
1.4 11200 25
1.4 11400 25
1.4 11600 25
1.4 11800 25
1.4 12000 25
1.4 12200 25
1.4 12400 25
1.4 12600 25
1.4 12800 25
1.4 13000 25
1.4 13200 25
1.4 13400 25
1.4 13600 25
1.4 13800 25
1.4 14000 25
1.4 14200 25
1.4 14400 25
1.4 14600 25
1.4 14800 25
1.4 15000 25
1.4 15200 25
1.4 15400 25
1.4 15600 25
1.4 15800 25
1.4 16000 25
1.4 16200 25
1.4 16400 25
1.4 16600 25
1.4 16800 25
1.4 17000 25
1.4 17200 25
1.4 17400 25
1.4 17600 25
1.4 17800 25
1.4 18000 25
1.4 18200 25
1.4 18400 25
1.4 18600 25
1.4 18800 25
1.4 19000 25
1.4 19200 25
1.4 19400 25
1.4 19600 25
1.4 19800 25
1.4 5000 50
1.4 5200 50
1.4 5400 50
1.4 5600 50
1.4 5800 50
1.4 6000 50
1.4 6200 50
1.4 6400 50
1.4 6600 50
1.4 6800 50
1.4 7000 50
1.4 7200 50
1.4 7400 50
1.4 7600 50
1.4 7800 50
1.4 8000 50
1.4 8200 50
1.4 8400 50
1.4 8600 50
1.4 8800 50
1.4 9000 50
1.4 9200 50
1.4 9400 50
1.4 9600 50
1.4 9800 50
1.4 10000 50
1.4 10200 50
1.4 10400 50
1.4 10600 50
1.4 10800 50
1.4 11000 50
1.4 11200 50
1.4 11400 50
1.4 11600 50
1.4 11800 50
1.4 12000 50
1.4 12200 50
1.4 12400 50
1.4 12600 50
1.4 12800 50
1.4 13000 50
1.4 13200 50
1.4 13400 50
1.4 13600 50
1.4 13800 50
1.4 14000 50
1.4 14200 50
1.4 14400 50
1.4 14600 50
1.4 14800 50
1.4 15000 50
1.4 15200 50
1.4 15400 50
1.4 15600 50
1.4 15800 50
1.4 16000 50
1.4 16200 50
1.4 16400 50
1.4 16600 50
1.4 16800 50
1.4 17000 50
1.4 17200 50
1.4 17400 50
1.4 17600 50
1.4 17800 50
1.4 18000 50
1.4 18200 50
1.4 18400 50
1.4 18600 50
1.4 18800 50
1.4 19000 50
1.4 19200 50
1.4 19400 50
1.4 19600 50
1.4 19800 50
1.4 5000 100
1.4 5200 100
1.4 5400 100
1.4 5600 100
1.4 5800 100
1.4 6000 100
1.4 6200 100
1.4 6400 100
1.4 6600 100
1.4 6800 100
1.4 7000 100
1.4 7200 100
1.4 7400 100
1.4 7600 100
1.4 7800 100
1.4 8000 100
1.4 8200 100
1.4 8400 100
1.4 8600 100
1.4 8800 100
1.4 9000 100
1.4 9200 100
1.4 9400 100
1.4 9600 100
1.4 9800 100
1.4 10000 100
1.4 10200 100
1.4 10400 100
1.4 10600 100
1.4 10800 100
1.4 11000 100
1.4 11200 100
1.4 11400 100
1.4 11600 100
1.4 11800 100
1.4 12000 100
1.4 12200 100
1.4 12400 100
1.4 12600 100
1.4 12800 100
1.4 13000 100
1.4 13200 100
1.4 13400 100
1.4 13600 100
1.4 13800 100
1.4 14000 100
1.4 14200 100
1.4 14400 100
1.4 14600 100
1.4 14800 100
1.4 15000 100
1.4 15200 100
1.4 15400 100
1.4 15600 100
1.4 15800 100
1.4 16000 100
1.4 16200 100
1.4 16400 100
1.4 16600 100
1.4 16800 100
1.4 17000 100
1.4 17200 100
1.4 17400 100
1.4 17600 100
1.4 17800 100
1.4 18000 100
1.4 18200 100
1.4 18400 100
1.4 18600 100
1.4 18800 100
1.4 19000 100
1.4 19200 100
1.4 19400 100
1.4 19600 100
1.4 19800 100
1.4 5000 200
1.4 5200 200
1.4 5400 200
1.4 5600 200
1.4 5800 200
1.4 6000 200
1.4 6200 200
1.4 6400 200
1.4 6600 200
1.4 6800 200
1.4 7000 200
1.4 7200 200
1.4 7400 200
1.4 7600 200
1.4 7800 200
1.4 8000 200
1.4 8200 200
1.4 8400 200
1.4 8600 200
1.4 8800 200
1.4 9000 200
1.4 9200 200
1.4 9400 200
1.4 9600 200
1.4 9800 200
1.4 10000 200
1.4 10200 200
1.4 10400 200
1.4 10600 200
1.4 10800 200
1.4 11000 200
1.4 11200 200
1.4 11400 200
1.4 11600 200
1.4 11800 200
1.4 12000 200
1.4 12200 200
1.4 12400 200
1.4 12600 200
1.4 12800 200
1.4 13000 200
1.4 13200 200
1.4 13400 200
1.4 13600 200
1.4 13800 200
1.4 14000 200
1.4 14200 200
1.4 14400 200
1.4 14600 200
1.4 14800 200
1.4 15000 200
1.4 15200 200
1.4 15400 200
1.4 15600 200
1.4 15800 200
1.4 16000 200
1.4 16200 200
1.4 16400 200
1.4 16600 200
1.4 16800 200
1.4 17000 200
1.4 17200 200
1.4 17400 200
1.4 17600 200
1.4 17800 200
1.4 18000 200
1.4 18200 200
1.4 18400 200
1.4 18600 200
1.4 18800 200
1.4 19000 200
1.4 19200 200
1.4 19400 200
1.4 19600 200
1.4 19800 200
1.4 5000 400
1.4 5200 400
1.4 5400 400
1.4 5600 400
1.4 5800 400
1.4 6000 400
1.4 6200 400
1.4 6400 400
1.4 6600 400
1.4 6800 400
1.4 7000 400
1.4 7200 400
1.4 7400 400
1.4 7600 400
1.4 7800 400
1.4 8000 400
1.4 8200 400
1.4 8400 400
1.4 8600 400
1.4 8800 400
1.4 9000 400
1.4 9200 400
1.4 9400 400
1.4 9600 400
1.4 9800 400
1.4 10000 400
1.4 10200 400
1.4 10400 400
1.4 10600 400
1.4 10800 400
1.4 11000 400
1.4 11200 400
1.4 11400 400
1.4 11600 400
1.4 11800 400
1.4 12000 400
1.4 12200 400
1.4 12400 400
1.4 12600 400
1.4 12800 400
1.4 13000 400
1.4 13200 400
1.4 13400 400
1.4 13600 400
1.4 13800 400
1.4 14000 400
1.4 14200 400
1.4 14400 400
1.4 14600 400
1.4 14800 400
1.4 15000 400
1.4 15200 400
1.4 15400 400
1.4 15600 400
1.4 15800 400
1.4 16000 400
1.4 16200 400
1.4 16400 400
1.4 16600 400
1.4 16800 400
1.4 17000 400
1.4 17200 400
1.4 17400 400
1.4 17600 400
1.4 17800 400
1.4 18000 400
1.4 18200 400
1.4 18400 400
1.4 18600 400
1.4 18800 400
1.4 19000 400
1.4 19200 400
1.4 19400 400
1.4 19600 400
1.4 19800 400
1.6 5000 25
1.6 5200 25
1.6 5400 25
1.6 5600 25
1.6 5800 25
1.6 6000 25
1.6 6200 25
1.6 6400 25
1.6 6600 25
1.6 6800 25
1.6 7000 25
1.6 7200 25
1.6 7400 25
1.6 7600 25
1.6 7800 25
1.6 8000 25
1.6 8200 25
1.6 8400 25
1.6 8600 25
1.6 8800 25
1.6 9000 25
1.6 9200 25
1.6 9400 25
1.6 9600 25
1.6 9800 25
1.6 10000 25
1.6 10200 25
1.6 10400 25
1.6 10600 25
1.6 10800 25
1.6 11000 25
1.6 11200 25
1.6 11400 25
1.6 11600 25
1.6 11800 25
1.6 12000 25
1.6 12200 25
1.6 12400 25
1.6 12600 25
1.6 12800 25
1.6 13000 25
1.6 13200 25
1.6 13400 25
1.6 13600 25
1.6 13800 25
1.6 14000 25
1.6 14200 25
1.6 14400 25
1.6 14600 25
1.6 14800 25
1.6 15000 25
1.6 15200 25
1.6 15400 25
1.6 15600 25
1.6 15800 25
1.6 16000 25
1.6 16200 25
1.6 16400 25
1.6 16600 25
1.6 16800 25
1.6 17000 25
1.6 17200 25
1.6 17400 25
1.6 17600 25
1.6 17800 25
1.6 18000 25
1.6 18200 25
1.6 18400 25
1.6 18600 25
1.6 18800 25
1.6 19000 25
1.6 19200 25
1.6 19400 25
1.6 19600 25
1.6 19800 25
1.6 5000 50
1.6 5200 50
1.6 5400 50
1.6 5600 50
1.6 5800 50
1.6 6000 50
1.6 6200 50
1.6 6400 50
1.6 6600 50
1.6 6800 50
1.6 7000 50
1.6 7200 50
1.6 7400 50
1.6 7600 50
1.6 7800 50
1.6 8000 50
1.6 8200 50
1.6 8400 50
1.6 8600 50
1.6 8800 50
1.6 9000 50
1.6 9200 50
1.6 9400 50
1.6 9600 50
1.6 9800 50
1.6 10000 50
1.6 10200 50
1.6 10400 50
1.6 10600 50
1.6 10800 50
1.6 11000 50
1.6 11200 50
1.6 11400 50
1.6 11600 50
1.6 11800 50
1.6 12000 50
1.6 12200 50
1.6 12400 50
1.6 12600 50
1.6 12800 50
1.6 13000 50
1.6 13200 50
1.6 13400 50
1.6 13600 50
1.6 13800 50
1.6 14000 50
1.6 14200 50
1.6 14400 50
1.6 14600 50
1.6 14800 50
1.6 15000 50
1.6 15200 50
1.6 15400 50
1.6 15600 50
1.6 15800 50
1.6 16000 50
1.6 16200 50
1.6 16400 50
1.6 16600 50
1.6 16800 50
1.6 17000 50
1.6 17200 50
1.6 17400 50
1.6 17600 50
1.6 17800 50
1.6 18000 50
1.6 18200 50
1.6 18400 50
1.6 18600 50
1.6 18800 50
1.6 19000 50
1.6 19200 50
1.6 19400 50
1.6 19600 50
1.6 19800 50
1.6 5000 100
1.6 5200 100
1.6 5400 100
1.6 5600 100
1.6 5800 100
1.6 6000 100
1.6 6200 100
1.6 6400 100
1.6 6600 100
1.6 6800 100
1.6 7000 100
1.6 7200 100
1.6 7400 100
1.6 7600 100
1.6 7800 100
1.6 8000 100
1.6 8200 100
1.6 8400 100
1.6 8600 100
1.6 8800 100
1.6 9000 100
1.6 9200 100
1.6 9400 100
1.6 9600 100
1.6 9800 100
1.6 10000 100
1.6 10200 100
1.6 10400 100
1.6 10600 100
1.6 10800 100
1.6 11000 100
1.6 11200 100
1.6 11400 100
1.6 11600 100
1.6 11800 100
1.6 12000 100
1.6 12200 100
1.6 12400 100
1.6 12600 100
1.6 12800 100
1.6 13000 100
1.6 13200 100
1.6 13400 100
1.6 13600 100
1.6 13800 100
1.6 14000 100
1.6 14200 100
1.6 14400 100
1.6 14600 100
1.6 14800 100
1.6 15000 100
1.6 15200 100
1.6 15400 100
1.6 15600 100
1.6 15800 100
1.6 16000 100
1.6 16200 100
1.6 16400 100
1.6 16600 100
1.6 16800 100
1.6 17000 100
1.6 17200 100
1.6 17400 100
1.6 17600 100
1.6 17800 100
1.6 18000 100
1.6 18200 100
1.6 18400 100
1.6 18600 100
1.6 18800 100
1.6 19000 100
1.6 19200 100
1.6 19400 100
1.6 19600 100
1.6 19800 100
1.6 5000 200
1.6 5200 200
1.6 5400 200
1.6 5600 200
1.6 5800 200
1.6 6000 200
1.6 6200 200
1.6 6400 200
1.6 6600 200
1.6 6800 200
1.6 7000 200
1.6 7200 200
1.6 7400 200
1.6 7600 200
1.6 7800 200
1.6 8000 200
1.6 8200 200
1.6 8400 200
1.6 8600 200
1.6 8800 200
1.6 9000 200
1.6 9200 200
1.6 9400 200
1.6 9600 200
1.6 9800 200
1.6 10000 200
1.6 10200 200
1.6 10400 200
1.6 10600 200
1.6 10800 200
1.6 11000 200
1.6 11200 200
1.6 11400 200
1.6 11600 200
1.6 11800 200
1.6 12000 200
1.6 12200 200
1.6 12400 200
1.6 12600 200
1.6 12800 200
1.6 13000 200
1.6 13200 200
1.6 13400 200
1.6 13600 200
1.6 13800 200
1.6 14000 200
1.6 14200 200
1.6 14400 200
1.6 14600 200
1.6 14800 200
1.6 15000 200
1.6 15200 200
1.6 15400 200
1.6 15600 200
1.6 15800 200
1.6 16000 200
1.6 16200 200
1.6 16400 200
1.6 16600 200
1.6 16800 200
1.6 17000 200
1.6 17200 200
1.6 17400 200
1.6 17600 200
1.6 17800 200
1.6 18000 200
1.6 18200 200
1.6 18400 200
1.6 18600 200
1.6 18800 200
1.6 19000 200
1.6 19200 200
1.6 19400 200
1.6 19600 200
1.6 19800 200
1.6 5000 400
1.6 5200 400
1.6 5400 400
1.6 5600 400
1.6 5800 400
1.6 6000 400
1.6 6200 400
1.6 6400 400
1.6 6600 400
1.6 6800 400
1.6 7000 400
1.6 7200 400
1.6 7400 400
1.6 7600 400
1.6 7800 400
1.6 8000 400
1.6 8200 400
1.6 8400 400
1.6 8600 400
1.6 8800 400
1.6 9000 400
1.6 9200 400
1.6 9400 400
1.6 9600 400
1.6 9800 400
1.6 10000 400
1.6 10200 400
1.6 10400 400
1.6 10600 400
1.6 10800 400
1.6 11000 400
1.6 11200 400
1.6 11400 400
1.6 11600 400
1.6 11800 400
1.6 12000 400
1.6 12200 400
1.6 12400 400
1.6 12600 400
1.6 12800 400
1.6 13000 400
1.6 13200 400
1.6 13400 400
1.6 13600 400
1.6 13800 400
1.6 14000 400
1.6 14200 400
1.6 14400 400
1.6 14600 400
1.6 14800 400
1.6 15000 400
1.6 15200 400
1.6 15400 400
1.6 15600 400
1.6 15800 400
1.6 16000 400
1.6 16200 400
1.6 16400 400
1.6 16600 400
1.6 16800 400
1.6 17000 400
1.6 17200 400
1.6 17400 400
1.6 17600 400
1.6 17800 400
1.6 18000 400
1.6 18200 400
1.6 18400 400
1.6 18600 400
1.6 18800 400
1.6 19000 400
1.6 19200 400
1.6 19400 400
1.6 19600 400
1.6 19800 400
1.9 5000 25
1.9 5200 25
1.9 5400 25
1.9 5600 25
1.9 5800 25
1.9 6000 25
1.9 6200 25
1.9 6400 25
1.9 6600 25
1.9 6800 25
1.9 7000 25
1.9 7200 25
1.9 7400 25
1.9 7600 25
1.9 7800 25
1.9 8000 25
1.9 8200 25
1.9 8400 25
1.9 8600 25
1.9 8800 25
1.9 9000 25
1.9 9200 25
1.9 9400 25
1.9 9600 25
1.9 9800 25
1.9 10000 25
1.9 10200 25
1.9 10400 25
1.9 10600 25
1.9 10800 25
1.9 11000 25
1.9 11200 25
1.9 11400 25
1.9 11600 25
1.9 11800 25
1.9 12000 25
1.9 12200 25
1.9 12400 25
1.9 12600 25
1.9 12800 25
1.9 13000 25
1.9 13200 25
1.9 13400 25
1.9 13600 25
1.9 13800 25
1.9 14000 25
1.9 14200 25
1.9 14400 25
1.9 14600 25
1.9 14800 25
1.9 15000 25
1.9 15200 25
1.9 15400 25
1.9 15600 25
1.9 15800 25
1.9 16000 25
1.9 16200 25
1.9 16400 25
1.9 16600 25
1.9 16800 25
1.9 17000 25
1.9 17200 25
1.9 17400 25
1.9 17600 25
1.9 17800 25
1.9 18000 25
1.9 18200 25
1.9 18400 25
1.9 18600 25
1.9 18800 25
1.9 19000 25
1.9 19200 25
1.9 19400 25
1.9 19600 25
1.9 19800 25
1.9 5000 50
1.9 5200 50
1.9 5400 50
1.9 5600 50
1.9 5800 50
1.9 6000 50
1.9 6200 50
1.9 6400 50
1.9 6600 50
1.9 6800 50
1.9 7000 50
1.9 7200 50
1.9 7400 50
1.9 7600 50
1.9 7800 50
1.9 8000 50
1.9 8200 50
1.9 8400 50
1.9 8600 50
1.9 8800 50
1.9 9000 50
1.9 9200 50
1.9 9400 50
1.9 9600 50
1.9 9800 50
1.9 10000 50
1.9 10200 50
1.9 10400 50
1.9 10600 50
1.9 10800 50
1.9 11000 50
1.9 11200 50
1.9 11400 50
1.9 11600 50
1.9 11800 50
1.9 12000 50
1.9 12200 50
1.9 12400 50
1.9 12600 50
1.9 12800 50
1.9 13000 50
1.9 13200 50
1.9 13400 50
1.9 13600 50
1.9 13800 50
1.9 14000 50
1.9 14200 50
1.9 14400 50
1.9 14600 50
1.9 14800 50
1.9 15000 50
1.9 15200 50
1.9 15400 50
1.9 15600 50
1.9 15800 50
1.9 16000 50
1.9 16200 50
1.9 16400 50
1.9 16600 50
1.9 16800 50
1.9 17000 50
1.9 17200 50
1.9 17400 50
1.9 17600 50
1.9 17800 50
1.9 18000 50
1.9 18200 50
1.9 18400 50
1.9 18600 50
1.9 18800 50
1.9 19000 50
1.9 19200 50
1.9 19400 50
1.9 19600 50
1.9 19800 50
1.9 5000 100
1.9 5200 100
1.9 5400 100
1.9 5600 100
1.9 5800 100
1.9 6000 100
1.9 6200 100
1.9 6400 100
1.9 6600 100
1.9 6800 100
1.9 7000 100
1.9 7200 100
1.9 7400 100
1.9 7600 100
1.9 7800 100
1.9 8000 100
1.9 8200 100
1.9 8400 100
1.9 8600 100
1.9 8800 100
1.9 9000 100
1.9 9200 100
1.9 9400 100
1.9 9600 100
1.9 9800 100
1.9 10000 100
1.9 10200 100
1.9 10400 100
1.9 10600 100
1.9 10800 100
1.9 11000 100
1.9 11200 100
1.9 11400 100
1.9 11600 100
1.9 11800 100
1.9 12000 100
1.9 12200 100
1.9 12400 100
1.9 12600 100
1.9 12800 100
1.9 13000 100
1.9 13200 100
1.9 13400 100
1.9 13600 100
1.9 13800 100
1.9 14000 100
1.9 14200 100
1.9 14400 100
1.9 14600 100
1.9 14800 100
1.9 15000 100
1.9 15200 100
1.9 15400 100
1.9 15600 100
1.9 15800 100
1.9 16000 100
1.9 16200 100
1.9 16400 100
1.9 16600 100
1.9 16800 100
1.9 17000 100
1.9 17200 100
1.9 17400 100
1.9 17600 100
1.9 17800 100
1.9 18000 100
1.9 18200 100
1.9 18400 100
1.9 18600 100
1.9 18800 100
1.9 19000 100
1.9 19200 100
1.9 19400 100
1.9 19600 100
1.9 19800 100
1.9 5000 200
1.9 5200 200
1.9 5400 200
1.9 5600 200
1.9 5800 200
1.9 6000 200
1.9 6200 200
1.9 6400 200
1.9 6600 200
1.9 6800 200
1.9 7000 200
1.9 7200 200
1.9 7400 200
1.9 7600 200
1.9 7800 200
1.9 8000 200
1.9 8200 200
1.9 8400 200
1.9 8600 200
1.9 8800 200
1.9 9000 200
1.9 9200 200
1.9 9400 200
1.9 9600 200
1.9 9800 200
1.9 10000 200
1.9 10200 200
1.9 10400 200
1.9 10600 200
1.9 10800 200
1.9 11000 200
1.9 11200 200
1.9 11400 200
1.9 11600 200
1.9 11800 200
1.9 12000 200
1.9 12200 200
1.9 12400 200
1.9 12600 200
1.9 12800 200
1.9 13000 200
1.9 13200 200
1.9 13400 200
1.9 13600 200
1.9 13800 200
1.9 14000 200
1.9 14200 200
1.9 14400 200
1.9 14600 200
1.9 14800 200
1.9 15000 200
1.9 15200 200
1.9 15400 200
1.9 15600 200
1.9 15800 200
1.9 16000 200
1.9 16200 200
1.9 16400 200
1.9 16600 200
1.9 16800 200
1.9 17000 200
1.9 17200 200
1.9 17400 200
1.9 17600 200
1.9 17800 200
1.9 18000 200
1.9 18200 200
1.9 18400 200
1.9 18600 200
1.9 18800 200
1.9 19000 200
1.9 19200 200
1.9 19400 200
1.9 19600 200
1.9 19800 200
1.9 5000 400
1.9 5200 400
1.9 5400 400
1.9 5600 400
1.9 5800 400
1.9 6000 400
1.9 6200 400
1.9 6400 400
1.9 6600 400
1.9 6800 400
1.9 7000 400
1.9 7200 400
1.9 7400 400
1.9 7600 400
1.9 7800 400
1.9 8000 400
1.9 8200 400
1.9 8400 400
1.9 8600 400
1.9 8800 400
1.9 9000 400
1.9 9200 400
1.9 9400 400
1.9 9600 400
1.9 9800 400
1.9 10000 400
1.9 10200 400
1.9 10400 400
1.9 10600 400
1.9 10800 400
1.9 11000 400
1.9 11200 400
1.9 11400 400
1.9 11600 400
1.9 11800 400
1.9 12000 400
1.9 12200 400
1.9 12400 400
1.9 12600 400
1.9 12800 400
1.9 13000 400
1.9 13200 400
1.9 13400 400
1.9 13600 400
1.9 13800 400
1.9 14000 400
1.9 14200 400
1.9 14400 400
1.9 14600 400
1.9 14800 400
1.9 15000 400
1.9 15200 400
1.9 15400 400
1.9 15600 400
1.9 15800 400
1.9 16000 400
1.9 16200 400
1.9 16400 400
1.9 16600 400
1.9 16800 400
1.9 17000 400
1.9 17200 400
1.9 17400 400
1.9 17600 400
1.9 17800 400
1.9 18000 400
1.9 18200 400
1.9 18400 400
1.9 18600 400
1.9 18800 400
1.9 19000 400
1.9 19200 400
1.9 19400 400
1.9 19600 400
1.9 19800 400
2.3 5000 25
2.3 5200 25
2.3 5400 25
2.3 5600 25
2.3 5800 25
2.3 6000 25
2.3 6200 25
2.3 6400 25
2.3 6600 25
2.3 6800 25
2.3 7000 25
2.3 7200 25
2.3 7400 25
2.3 7600 25
2.3 7800 25
2.3 8000 25
2.3 8200 25
2.3 8400 25
2.3 8600 25
2.3 8800 25
2.3 9000 25
2.3 9200 25
2.3 9400 25
2.3 9600 25
2.3 9800 25
2.3 10000 25
2.3 10200 25
2.3 10400 25
2.3 10600 25
2.3 10800 25
2.3 11000 25
2.3 11200 25
2.3 11400 25
2.3 11600 25
2.3 11800 25
2.3 12000 25
2.3 12200 25
2.3 12400 25
2.3 12600 25
2.3 12800 25
2.3 13000 25
2.3 13200 25
2.3 13400 25
2.3 13600 25
2.3 13800 25
2.3 14000 25
2.3 14200 25
2.3 14400 25
2.3 14600 25
2.3 14800 25
2.3 15000 25
2.3 15200 25
2.3 15400 25
2.3 15600 25
2.3 15800 25
2.3 16000 25
2.3 16200 25
2.3 16400 25
2.3 16600 25
2.3 16800 25
2.3 17000 25
2.3 17200 25
2.3 17400 25
2.3 17600 25
2.3 17800 25
2.3 18000 25
2.3 18200 25
2.3 18400 25
2.3 18600 25
2.3 18800 25
2.3 19000 25
2.3 19200 25
2.3 19400 25
2.3 19600 25
2.3 19800 25
2.3 5000 50
2.3 5200 50
2.3 5400 50
2.3 5600 50
2.3 5800 50
2.3 6000 50
2.3 6200 50
2.3 6400 50
2.3 6600 50
2.3 6800 50
2.3 7000 50
2.3 7200 50
2.3 7400 50
2.3 7600 50
2.3 7800 50
2.3 8000 50
2.3 8200 50
2.3 8400 50
2.3 8600 50
2.3 8800 50
2.3 9000 50
2.3 9200 50
2.3 9400 50
2.3 9600 50
2.3 9800 50
2.3 10000 50
2.3 10200 50
2.3 10400 50
2.3 10600 50
2.3 10800 50
2.3 11000 50
2.3 11200 50
2.3 11400 50
2.3 11600 50
2.3 11800 50
2.3 12000 50
2.3 12200 50
2.3 12400 50
2.3 12600 50
2.3 12800 50
2.3 13000 50
2.3 13200 50
2.3 13400 50
2.3 13600 50
2.3 13800 50
2.3 14000 50
2.3 14200 50
2.3 14400 50
2.3 14600 50
2.3 14800 50
2.3 15000 50
2.3 15200 50
2.3 15400 50
2.3 15600 50
2.3 15800 50
2.3 16000 50
2.3 16200 50
2.3 16400 50
2.3 16600 50
2.3 16800 50
2.3 17000 50
2.3 17200 50
2.3 17400 50
2.3 17600 50
2.3 17800 50
2.3 18000 50
2.3 18200 50
2.3 18400 50
2.3 18600 50
2.3 18800 50
2.3 19000 50
2.3 19200 50
2.3 19400 50
2.3 19600 50
2.3 19800 50
2.3 5000 100
2.3 5200 100
2.3 5400 100
2.3 5600 100
2.3 5800 100
2.3 6000 100
2.3 6200 100
2.3 6400 100
2.3 6600 100
2.3 6800 100
2.3 7000 100
2.3 7200 100
2.3 7400 100
2.3 7600 100
2.3 7800 100
2.3 8000 100
2.3 8200 100
2.3 8400 100
2.3 8600 100
2.3 8800 100
2.3 9000 100
2.3 9200 100
2.3 9400 100
2.3 9600 100
2.3 9800 100
2.3 10000 100
2.3 10200 100
2.3 10400 100
2.3 10600 100
2.3 10800 100
2.3 11000 100
2.3 11200 100
2.3 11400 100
2.3 11600 100
2.3 11800 100
2.3 12000 100
2.3 12200 100
2.3 12400 100
2.3 12600 100
2.3 12800 100
2.3 13000 100
2.3 13200 100
2.3 13400 100
2.3 13600 100
2.3 13800 100
2.3 14000 100
2.3 14200 100
2.3 14400 100
2.3 14600 100
2.3 14800 100
2.3 15000 100
2.3 15200 100
2.3 15400 100
2.3 15600 100
2.3 15800 100
2.3 16000 100
2.3 16200 100
2.3 16400 100
2.3 16600 100
2.3 16800 100
2.3 17000 100
2.3 17200 100
2.3 17400 100
2.3 17600 100
2.3 17800 100
2.3 18000 100
2.3 18200 100
2.3 18400 100
2.3 18600 100
2.3 18800 100
2.3 19000 100
2.3 19200 100
2.3 19400 100
2.3 19600 100
2.3 19800 100
2.3 5000 200
2.3 5200 200
2.3 5400 200
2.3 5600 200
2.3 5800 200
2.3 6000 200
2.3 6200 200
2.3 6400 200
2.3 6600 200
2.3 6800 200
2.3 7000 200
2.3 7200 200
2.3 7400 200
2.3 7600 200
2.3 7800 200
2.3 8000 200
2.3 8200 200
2.3 8400 200
2.3 8600 200
2.3 8800 200
2.3 9000 200
2.3 9200 200
2.3 9400 200
2.3 9600 200
2.3 9800 200
2.3 10000 200
2.3 10200 200
2.3 10400 200
2.3 10600 200
2.3 10800 200
2.3 11000 200
2.3 11200 200
2.3 11400 200
2.3 11600 200
2.3 11800 200
2.3 12000 200
2.3 12200 200
2.3 12400 200
2.3 12600 200
2.3 12800 200
2.3 13000 200
2.3 13200 200
2.3 13400 200
2.3 13600 200
2.3 13800 200
2.3 14000 200
2.3 14200 200
2.3 14400 200
2.3 14600 200
2.3 14800 200
2.3 15000 200
2.3 15200 200
2.3 15400 200
2.3 15600 200
2.3 15800 200
2.3 16000 200
2.3 16200 200
2.3 16400 200
2.3 16600 200
2.3 16800 200
2.3 17000 200
2.3 17200 200
2.3 17400 200
2.3 17600 200
2.3 17800 200
2.3 18000 200
2.3 18200 200
2.3 18400 200
2.3 18600 200
2.3 18800 200
2.3 19000 200
2.3 19200 200
2.3 19400 200
2.3 19600 200
2.3 19800 200
2.3 5000 400
2.3 5200 400
2.3 5400 400
2.3 5600 400
2.3 5800 400
2.3 6000 400
2.3 6200 400
2.3 6400 400
2.3 6600 400
2.3 6800 400
2.3 7000 400
2.3 7200 400
2.3 7400 400
2.3 7600 400
2.3 7800 400
2.3 8000 400
2.3 8200 400
2.3 8400 400
2.3 8600 400
2.3 8800 400
2.3 9000 400
2.3 9200 400
2.3 9400 400
2.3 9600 400
2.3 9800 400
2.3 10000 400
2.3 10200 400
2.3 10400 400
2.3 10600 400
2.3 10800 400
2.3 11000 400
2.3 11200 400
2.3 11400 400
2.3 11600 400
2.3 11800 400
2.3 12000 400
2.3 12200 400
2.3 12400 400
2.3 12600 400
2.3 12800 400
2.3 13000 400
2.3 13200 400
2.3 13400 400
2.3 13600 400
2.3 13800 400
2.3 14000 400
2.3 14200 400
2.3 14400 400
2.3 14600 400
2.3 14800 400
2.3 15000 400
2.3 15200 400
2.3 15400 400
2.3 15600 400
2.3 15800 400
2.3 16000 400
2.3 16200 400
2.3 16400 400
2.3 16600 400
2.3 16800 400
2.3 17000 400
2.3 17200 400
2.3 17400 400
2.3 17600 400
2.3 17800 400
2.3 18000 400
2.3 18200 400
2.3 18400 400
2.3 18600 400
2.3 18800 400
2.3 19000 400
2.3 19200 400
2.3 19400 400
2.3 19600 400
2.3 19800 400
2.8 5000 25
2.8 5200 25
2.8 5400 25
2.8 5600 25
2.8 5800 25
2.8 6000 25
2.8 6200 25
2.8 6400 25
2.8 6600 25
2.8 6800 25
2.8 7000 25
2.8 7200 25
2.8 7400 25
2.8 7600 25
2.8 7800 25
2.8 8000 25
2.8 8200 25
2.8 8400 25
2.8 8600 25
2.8 8800 25
2.8 9000 25
2.8 9200 25
2.8 9400 25
2.8 9600 25
2.8 9800 25
2.8 10000 25
2.8 10200 25
2.8 10400 25
2.8 10600 25
2.8 10800 25
2.8 11000 25
2.8 11200 25
2.8 11400 25
2.8 11600 25
2.8 11800 25
2.8 12000 25
2.8 12200 25
2.8 12400 25
2.8 12600 25
2.8 12800 25
2.8 13000 25
2.8 13200 25
2.8 13400 25
2.8 13600 25
2.8 13800 25
2.8 14000 25
2.8 14200 25
2.8 14400 25
2.8 14600 25
2.8 14800 25
2.8 15000 25
2.8 15200 25
2.8 15400 25
2.8 15600 25
2.8 15800 25
2.8 16000 25
2.8 16200 25
2.8 16400 25
2.8 16600 25
2.8 16800 25
2.8 17000 25
2.8 17200 25
2.8 17400 25
2.8 17600 25
2.8 17800 25
2.8 18000 25
2.8 18200 25
2.8 18400 25
2.8 18600 25
2.8 18800 25
2.8 19000 25
2.8 19200 25
2.8 19400 25
2.8 19600 25
2.8 19800 25
2.8 5000 50
2.8 5200 50
2.8 5400 50
2.8 5600 50
2.8 5800 50
2.8 6000 50
2.8 6200 50
2.8 6400 50
2.8 6600 50
2.8 6800 50
2.8 7000 50
2.8 7200 50
2.8 7400 50
2.8 7600 50
2.8 7800 50
2.8 8000 50
2.8 8200 50
2.8 8400 50
2.8 8600 50
2.8 8800 50
2.8 9000 50
2.8 9200 50
2.8 9400 50
2.8 9600 50
2.8 9800 50
2.8 10000 50
2.8 10200 50
2.8 10400 50
2.8 10600 50
2.8 10800 50
2.8 11000 50
2.8 11200 50
2.8 11400 50
2.8 11600 50
2.8 11800 50
2.8 12000 50
2.8 12200 50
2.8 12400 50
2.8 12600 50
2.8 12800 50
2.8 13000 50
2.8 13200 50
2.8 13400 50
2.8 13600 50
2.8 13800 50
2.8 14000 50
2.8 14200 50
2.8 14400 50
2.8 14600 50
2.8 14800 50
2.8 15000 50
2.8 15200 50
2.8 15400 50
2.8 15600 50
2.8 15800 50
2.8 16000 50
2.8 16200 50
2.8 16400 50
2.8 16600 50
2.8 16800 50
2.8 17000 50
2.8 17200 50
2.8 17400 50
2.8 17600 50
2.8 17800 50
2.8 18000 50
2.8 18200 50
2.8 18400 50
2.8 18600 50
2.8 18800 50
2.8 19000 50
2.8 19200 50
2.8 19400 50
2.8 19600 50
2.8 19800 50
2.8 5000 100
2.8 5200 100
2.8 5400 100
2.8 5600 100
2.8 5800 100
2.8 6000 100
2.8 6200 100
2.8 6400 100
2.8 6600 100
2.8 6800 100
2.8 7000 100
2.8 7200 100
2.8 7400 100
2.8 7600 100
2.8 7800 100
2.8 8000 100
2.8 8200 100
2.8 8400 100
2.8 8600 100
2.8 8800 100
2.8 9000 100
2.8 9200 100
2.8 9400 100
2.8 9600 100
2.8 9800 100
2.8 10000 100
2.8 10200 100
2.8 10400 100
2.8 10600 100
2.8 10800 100
2.8 11000 100
2.8 11200 100
2.8 11400 100
2.8 11600 100
2.8 11800 100
2.8 12000 100
2.8 12200 100
2.8 12400 100
2.8 12600 100
2.8 12800 100
2.8 13000 100
2.8 13200 100
2.8 13400 100
2.8 13600 100
2.8 13800 100
2.8 14000 100
2.8 14200 100
2.8 14400 100
2.8 14600 100
2.8 14800 100
2.8 15000 100
2.8 15200 100
2.8 15400 100
2.8 15600 100
2.8 15800 100
2.8 16000 100
2.8 16200 100
2.8 16400 100
2.8 16600 100
2.8 16800 100
2.8 17000 100
2.8 17200 100
2.8 17400 100
2.8 17600 100
2.8 17800 100
2.8 18000 100
2.8 18200 100
2.8 18400 100
2.8 18600 100
2.8 18800 100
2.8 19000 100
2.8 19200 100
2.8 19400 100
2.8 19600 100
2.8 19800 100
2.8 5000 200
2.8 5200 200
2.8 5400 200
2.8 5600 200
2.8 5800 200
2.8 6000 200
2.8 6200 200
2.8 6400 200
2.8 6600 200
2.8 6800 200
2.8 7000 200
2.8 7200 200
2.8 7400 200
2.8 7600 200
2.8 7800 200
2.8 8000 200
2.8 8200 200
2.8 8400 200
2.8 8600 200
2.8 8800 200
2.8 9000 200
2.8 9200 200
2.8 9400 200
2.8 9600 200
2.8 9800 200
2.8 10000 200
2.8 10200 200
2.8 10400 200
2.8 10600 200
2.8 10800 200
2.8 11000 200
2.8 11200 200
2.8 11400 200
2.8 11600 200
2.8 11800 200
2.8 12000 200
2.8 12200 200
2.8 12400 200
2.8 12600 200
2.8 12800 200
2.8 13000 200
2.8 13200 200
2.8 13400 200
2.8 13600 200
2.8 13800 200
2.8 14000 200
2.8 14200 200
2.8 14400 200
2.8 14600 200
2.8 14800 200
2.8 15000 200
2.8 15200 200
2.8 15400 200
2.8 15600 200
2.8 15800 200
2.8 16000 200
2.8 16200 200
2.8 16400 200
2.8 16600 200
2.8 16800 200
2.8 17000 200
2.8 17200 200
2.8 17400 200
2.8 17600 200
2.8 17800 200
2.8 18000 200
2.8 18200 200
2.8 18400 200
2.8 18600 200
2.8 18800 200
2.8 19000 200
2.8 19200 200
2.8 19400 200
2.8 19600 200
2.8 19800 200
2.8 5000 400
2.8 5200 400
2.8 5400 400
2.8 5600 400
2.8 5800 400
2.8 6000 400
2.8 6200 400
2.8 6400 400
2.8 6600 400
2.8 6800 400
2.8 7000 400
2.8 7200 400
2.8 7400 400
2.8 7600 400
2.8 7800 400
2.8 8000 400
2.8 8200 400
2.8 8400 400
2.8 8600 400
2.8 8800 400
2.8 9000 400
2.8 9200 400
2.8 9400 400
2.8 9600 400
2.8 9800 400
2.8 10000 400
2.8 10200 400
2.8 10400 400
2.8 10600 400
2.8 10800 400
2.8 11000 400
2.8 11200 400
2.8 11400 400
2.8 11600 400
2.8 11800 400
2.8 12000 400
2.8 12200 400
2.8 12400 400
2.8 12600 400
2.8 12800 400
2.8 13000 400
2.8 13200 400
2.8 13400 400
2.8 13600 400
2.8 13800 400
2.8 14000 400
2.8 14200 400
2.8 14400 400
2.8 14600 400
2.8 14800 400
2.8 15000 400
2.8 15200 400
2.8 15400 400
2.8 15600 400
2.8 15800 400
2.8 16000 400
2.8 16200 400
2.8 16400 400
2.8 16600 400
2.8 16800 400
2.8 17000 400
2.8 17200 400
2.8 17400 400
2.8 17600 400
2.8 17800 400
2.8 18000 400
2.8 18200 400
2.8 18400 400
2.8 18600 400
2.8 18800 400
2.8 19000 400
2.8 19200 400
2.8 19400 400
2.8 19600 400
2.8 19800 400
